#RPLIDAR SCAN DATA
#COUNT=837
#Angule	Distance	Quality
2.9663 124.0 188
3.3234 124.0 188
3.6694 124.0 188
4.0155 124.0 188
4.3726 124.0 188
4.7186 124.0 188
5.0592 124.0 188
5.4218 124.0 188
5.7623 124.0 188
6.1084 124.0 188
6.4655 124.0 188
6.8115 124.0 188
7.1686 124.0 188
7.5146 124.0 188
7.8552 124.0 188
8.2178 124.0 188
8.5583 124.0 188
8.7946 125.0 188
9.1406 125.0 188
9.4977 125.0 188
9.8438 125.0 188
10.2008 125.0 188
10.5469 125.0 188
10.8875 125.0 188
11.2500 125.0 188
11.5906 125.0 188
11.9366 125.0 188
12.2937 125.0 188
12.6398 125.0 188
12.9803 125.0 188
13.3429 125.0 188
13.6835 125.0 188
14.0295 125.0 188
14.3262 126.0 188
14.6832 126.0 188
15.0293 126.0 188
15.3699 126.0 188
15.7324 126.0 188
16.0730 126.0 188
16.4191 126.0 188
16.7761 126.0 188
17.1222 126.0 188
17.4683 126.0 188
17.6990 127.0 188
18.0615 127.0 188
18.4021 127.0 188
18.7646 127.0 188
19.1052 127.0 188
19.4513 127.0 188
19.8083 127.0 188
20.1544 127.0 188
20.4950 127.0 188
20.7916 128.0 188
21.1377 128.0 188
21.4948 128.0 188
21.8408 128.0 188
22.1869 128.0 188
22.5439 128.0 188
22.8900 128.0 188
23.1207 129.0 188
23.4833 129.0 188
23.8239 129.0 188
24.1699 129.0 188
24.5270 129.0 188
24.8730 129.0 188
25.2136 129.0 188
25.5103 130.0 188
25.8563 130.0 188
26.2134 130.0 188
26.5594 130.0 188
26.9055 130.0 188
27.1362 131.0 188
27.4988 131.0 188
27.8394 131.0 188
28.2019 131.0 188
28.5425 131.0 188
28.8885 131.0 188
29.1852 132.0 188
29.5313 132.0 188
29.8883 132.0 188
30.2344 132.0 188
30.4651 133.0 188
30.8112 133.0 188
31.1682 133.0 188
31.4648 134.0 188
31.8109 134.0 188
32.1515 134.0 188
32.4481 135.0 188
32.6843 136.0 188
33.0304 136.0 188
33.3270 137.0 188
33.6676 137.0 188
33.9642 138.0 188
34.3268 138.0 188
34.5575 139.0 188
34.9036 139.0 188
35.2002 140.0 188
35.5463 140.0 188
35.8429 141.0 188
36.1230 142.0 188
36.4801 142.0 188
36.7163 143.0 188
37.0624 143.0 188
37.3590 144.0 188
37.6996 144.0 188
37.9962 145.0 188
38.2928 146.0 188
38.6389 146.0 188
38.9355 147.0 188
39.2322 148.0 188
39.5728 148.0 188
39.8749 149.0 188
40.1056 150.0 188
40.4517 150.0 188
40.7483 151.0 188
41.0449 152.0 188
41.3251 153.0 188
41.6821 153.0 188
41.9678 154.0 188
42.2644 155.0 188
42.5610 156.0 188
42.8577 157.0 188
43.1982 157.0 188
43.4949 158.0 188
43.7915 159.0 188
44.1376 159.0 188
44.3738 161.0 188
44.6704 162.0 188
45.0275 162.0 188
45.3241 163.0 188
45.6042 164.0 188
45.9668 165.0 188
46.2634 166.0 188
46.5601 167.0 188
46.8402 168.0 188
47.1368 169.0 188
47.4335 170.0 188
47.7301 171.0 188
48.0267 172.0 188
48.3728 173.0 188
48.6694 174.0 188
48.9661 175.0 188
49.2627 176.0 188
49.5428 177.0 188
49.8395 179.0 188
50.1361 180.0 188
50.4327 181.0 188
50.7788 182.0 188
51.0754 183.0 188
51.3116 185.0 188
51.6687 186.0 188
51.9653 187.0 188
52.2620 188.0 188
52.5421 190.0 188
52.8387 191.0 188
53.2013 192.0 188
53.4375 194.0 188
53.7781 195.0 188
54.0747 196.0 188
54.3713 198.0 188
54.6075 200.0 188
54.9646 201.0 188
55.2612 202.0 188
55.5469 204.0 188
55.8435 206.0 188
56.1401 208.0 188
56.4368 210.0 188
56.6675 212.0 188
57.0300 213.0 188
57.3267 215.0 188
57.6068 217.0 188
57.9034 219.0 188
58.2001 221.0 188
58.4967 223.0 188
58.7933 224.0 188
59.0900 227.0 188
59.3701 229.0 188
59.6667 231.0 188
59.9634 234.0 188
60.2655 236.0 188
60.5621 238.0 188
60.8588 240.0 188
61.1554 243.0 188
61.4355 245.0 188
61.7322 248.0 188
62.0288 250.0 188
62.3254 253.0 188
62.6221 256.0 188
62.9187 258.0 188
63.1989 261.0 188
63.4955 264.0 188
63.7921 267.0 188
64.0887 270.0 188
64.3854 272.0 188
64.6875 275.0 188
64.9841 278.0 188
65.2643 282.0 188
65.5609 285.0 188
65.8575 289.0 188
66.0938 293.0 188
66.4508 295.0 188
66.7474 299.0 188
66.9836 304.0 188
67.2803 308.0 188
67.6208 311.0 188
67.9175 315.0 188
68.2141 319.0 188
68.4503 324.0 188
68.7469 328.0 188
69.0436 333.0 188
69.3402 338.0 188
69.6368 342.0 188
69.9829 346.0 188
70.2795 351.0 188
70.5762 356.0 188
70.8124 362.0 188
71.1694 367.0 188
71.4056 373.0 188
71.7462 378.0 188
72.0428 384.0 188
72.3395 390.0 188
72.6361 396.0 188
72.9327 403.0 188
73.1689 410.0 188
73.4656 417.0 188
73.7622 424.0 188
74.0424 432.0 188
74.3390 440.0 188
74.6356 448.0 188
74.9982 455.0 188
75.2344 464.0 188
75.5310 473.0 188
75.8112 483.0 188
76.1078 492.0 188
76.4044 502.0 188
76.7615 512.0 188
76.9977 524.0 188
77.3438 534.0 188
77.6404 546.0 188
77.9370 558.0 188
78.1677 572.0 188
78.4644 586.0 188
78.7610 600.0 188
79.1071 614.0 188
79.4037 630.0 188
79.7003 646.0 188
79.9969 662.0 188
80.2936 680.0 188
80.9363 700.0 188
81.5625 600.0 188
81.9635 592.0 188
82.3700 582.0 188
82.7325 574.0 188
83.0731 572.0 188
83.4796 568.0 188
83.8422 566.0 188
84.1827 564.0 188
84.5288 562.0 188
84.8859 560.0 188
85.2319 560.0 188
85.6384 558.0 188
85.9955 558.0 188
86.3416 558.0 188
86.6986 558.0 188
86.9843 560.0 188
87.3413 560.0 188
87.7478 558.0 188
88.0884 554.0 188
88.4509 556.0 188
88.7915 556.0 188
89.1541 556.0 188
89.4946 554.0 188
89.8407 556.0 188
90.1978 556.0 188
90.5438 558.0 188
90.9009 558.0 188
91.2469 558.0 188
91.6040 556.0 188
91.9501 556.0 188
92.2961 556.0 188
92.6532 556.0 188
92.9993 556.0 188
93.3563 556.0 188
93.7024 558.0 188
93.9990 560.0 188
94.3396 560.0 188
94.7461 558.0 188
95.1086 558.0 188
95.4053 560.0 188
95.7458 562.0 188
96.1084 562.0 188
96.4490 562.0 188
96.7950 562.0 188
97.1521 566.0 188
97.4982 566.0 188
97.8552 568.0 188
98.2013 568.0 188
98.5583 570.0 188
98.8385 574.0 188
99.2010 580.0 188
99.4977 588.0 188
100.1843 594.0 188
102.8101 552.0 188
103.6835 518.0 188
104.0900 504.0 188
104.9524 475.0 188
105.4193 462.0 188
105.8258 450.0 188
106.2762 438.0 188
106.6827 426.0 188
107.1552 416.0 188
107.5616 407.0 188
107.9681 397.0 188
108.4186 388.0 188
108.8251 380.0 188
109.2920 371.0 188
109.6985 364.0 188
110.1050 357.0 188
110.5774 349.0 188
110.9674 342.0 188
111.4343 336.0 188
111.8408 330.0 188
112.3077 323.0 188
112.7142 317.0 188
113.1207 312.0 188
113.5767 306.0 188
113.9832 301.0 188
114.4501 296.0 188
114.8566 291.0 188
115.2631 286.0 188
115.7135 281.0 188
116.1859 276.0 188
116.5924 272.0 188
116.9989 268.0 188
117.4493 264.0 188
117.8558 260.0 188
118.3228 256.0 188
118.7292 253.0 188
119.1357 249.0 188
119.5422 246.0 188
119.9982 242.0 188
120.4651 238.0 188
120.8716 236.0 188
121.2781 233.0 188
121.7450 229.0 188
122.1405 226.0 188
122.6074 223.0 188
123.0139 221.0 188
123.4204 218.0 188
123.8269 216.0 188
124.2938 213.0 188
124.7498 210.0 188
125.1563 208.0 188
125.5573 206.0 188
125.9637 204.0 188
126.4362 201.0 188
126.8427 199.0 188
127.2491 197.0 188
127.6996 195.0 188
128.1061 193.0 188
128.5126 192.0 188
128.9191 190.0 188
129.3256 188.0 188
129.7925 186.0 188
130.1385 185.0 188
130.6055 183.0 188
131.0120 181.0 188
131.4185 180.0 188
131.8854 178.0 188
132.2314 177.0 188
132.6379 176.0 188
133.1049 174.0 188
133.5114 172.0 188
133.9178 171.0 188
134.3243 170.0 188
134.7308 169.0 188
135.1373 168.0 188
135.5933 166.0 188
135.9998 165.0 188
136.3568 164.0 188
136.7633 163.0 188
137.1698 162.0 188
137.5763 161.0 188
137.9828 160.0 188
138.4332 158.0 188
138.8397 157.0 188
139.2462 156.0 188
139.6527 155.0 188
140.0592 154.0 188
140.4657 153.0 188
140.8228 153.0 188
141.2292 152.0 188
141.6357 151.0 188
142.0422 150.0 188
142.4982 149.0 188
142.9047 148.0 188
143.3112 147.0 188
143.6682 147.0 188
144.0747 146.0 188
144.4812 145.0 188
144.8877 144.0 188
145.2942 143.0 188
145.6403 143.0 188
146.1072 142.0 188
146.5137 141.0 188
146.8542 141.0 188
147.2607 140.0 188
147.6672 139.0 188
148.0133 139.0 188
148.4802 138.0 188
148.8867 137.0 188
149.2328 137.0 188
149.6393 136.0 188
149.9963 136.0 188
150.4523 135.0 188
150.8093 135.0 188
151.2158 134.0 188
151.6223 133.0 188
151.9684 133.0 188
152.3090 133.0 188
152.6715 133.0 188
153.1219 132.0 188
153.4790 132.0 188
153.8251 132.0 188
154.1711 132.0 188
154.5282 132.0 188
154.9347 131.0 188
155.2808 131.0 188
155.6213 131.0 188
155.9839 131.0 188
156.3245 131.0 188
156.7969 130.0 188
157.1375 130.0 188
157.5000 130.0 188
157.8406 130.0 188
158.1866 130.0 188
158.5931 129.0 188
158.9502 129.0 188
159.2963 129.0 188
159.6368 129.0 188
159.9994 129.0 188
160.3400 129.0 188
160.6860 129.0 188
161.1530 128.0 188
161.4990 128.0 188
161.8561 128.0 188
162.2021 128.0 188
162.5427 128.0 188
162.9053 128.0 188
163.2458 128.0 188
163.6523 127.0 188
163.9984 127.0 188
164.3555 127.0 188
164.7015 127.0 188
165.0586 127.0 188
165.4047 127.0 188
165.7452 127.0 188
166.1078 127.0 188
166.4484 127.0 188
166.9208 126.0 188
167.2614 126.0 188
167.6074 126.0 188
167.9645 126.0 188
168.3105 126.0 188
168.6511 126.0 188
169.0137 126.0 188
169.3542 126.0 188
169.7003 126.0 188
170.0574 126.0 188
170.4034 126.0 188
170.7495 126.0 188
171.1066 126.0 188
171.5131 125.0 188
171.8591 125.0 188
172.2162 125.0 188
172.5623 125.0 188
172.9028 125.0 188
173.2654 125.0 188
173.6060 125.0 188
173.9520 125.0 188
174.3091 125.0 188
174.6552 125.0 188
174.9957 125.0 188
175.3583 125.0 188
175.6989 125.0 188
176.0449 125.0 188
176.4020 125.0 188
176.7480 125.0 188
177.0886 125.0 188
177.4512 125.0 188
177.7917 125.0 188
178.1543 125.0 188
178.4949 125.0 188
178.8409 125.0 188
179.1980 125.0 188
179.5441 125.0 188
179.8901 125.0 188
180.2472 125.0 188
180.5933 125.0 188
180.9503 125.0 188
181.2964 125.0 188
181.6534 125.0 188
181.9995 125.0 188
182.3401 125.0 188
182.7026 125.0 188
183.0432 125.0 188
183.4058 125.0 188
183.7463 125.0 188
184.0924 125.0 188
184.4495 125.0 188
184.7955 125.0 188
185.1526 125.0 188
185.4987 125.0 188
185.8392 125.0 188
186.2018 125.0 188
186.5424 125.0 188
186.9049 125.0 188
187.2455 125.0 188
187.5916 125.0 188
187.9486 125.0 188
188.2947 125.0 188
188.5913 126.0 188
188.9374 126.0 188
189.2944 126.0 188
189.6405 126.0 188
189.9976 126.0 188
190.3436 126.0 188
190.6842 126.0 188
191.0468 126.0 188
191.3873 126.0 188
191.7499 126.0 188
192.0905 126.0 188
192.4365 126.0 188
192.7936 126.0 188
193.1396 126.0 188
193.4967 126.0 188
193.7329 127.0 188
194.0735 127.0 188
194.4360 127.0 188
194.7766 127.0 188
195.1227 127.0 188
195.4797 127.0 188
195.8258 127.0 188
196.1829 127.0 188
196.5289 127.0 188
196.8750 127.0 188
197.1716 128.0 188
197.5287 128.0 188
197.8748 128.0 188
198.2153 128.0 188
198.5779 128.0 188
198.9185 128.0 188
199.2810 128.0 188
199.6216 128.0 188
199.9677 128.0 188
200.2148 129.0 188
200.5609 129.0 188
200.9015 129.0 188
201.2640 129.0 188
201.6046 129.0 188
201.9672 129.0 188
202.2473 130.0 188
202.6044 130.0 188
202.9504 130.0 188
203.3075 130.0 188
203.6536 130.0 188
203.9996 130.0 188
204.3567 130.0 188
204.7028 130.0 188
204.9335 131.0 188
205.2960 131.0 188
205.6366 131.0 188
205.9991 131.0 188
206.3397 131.0 188
206.6858 131.0 188
206.9824 132.0 188
207.3395 132.0 188
207.6855 132.0 188
208.0261 132.0 188
208.2623 133.0 188
208.6249 133.0 188
208.9655 133.0 188
209.2621 134.0 188
209.5587 135.0 188
209.9048 135.0 188
210.2618 135.0 188
210.4980 136.0 188
210.8386 136.0 188
211.1353 137.0 188
211.4813 137.0 188
211.7780 138.0 188
212.1405 138.0 188
212.3712 139.0 188
212.7173 139.0 188
213.0139 140.0 188
213.3545 140.0 188
213.6511 141.0 188
213.9972 141.0 188
214.2938 142.0 188
214.6399 142.0 188
214.8706 143.0 188
215.1672 144.0 188
215.5298 144.0 188
215.8099 145.0 188
216.1670 145.0 188
216.4526 146.0 188
216.7493 147.0 188
217.1063 147.0 188
217.3865 148.0 188
217.7490 148.0 188
218.0292 149.0 188
218.2764 150.0 188
218.6224 150.0 188
218.9191 151.0 188
219.1992 152.0 188
219.4958 153.0 188
219.7925 154.0 188
220.1385 154.0 188
221.1383 155.0 188
222.0282 164.0 188
222.4347 163.0 188
222.7808 163.0 188
223.9343 161.0 188
233.7451 134.0 188
234.0912 134.0 188
234.4977 133.0 188
234.8438 133.0 188
235.3107 132.0 188
235.6512 132.0 188
235.8875 133.0 188
236.2500 133.0 188
238.0902 128.0 188
238.4528 128.0 188
238.6835 129.0 188
239.0295 129.0 188
239.3866 129.0 188
239.7327 129.0 188
240.0732 129.0 188
240.5457 128.0 188
240.8862 128.0 188
241.2488 128.0 188
241.5894 128.0 188
241.9958 127.0 188
242.3584 127.0 188
242.6990 127.0 188
243.0450 127.0 188
243.5120 126.0 188
243.8580 126.0 188
244.2151 126.0 188
244.5612 126.0 188
244.9677 125.0 188
245.3247 125.0 188
245.6708 125.0 188
246.0114 125.0 188
246.3739 125.0 188
246.8243 124.0 188
247.1869 124.0 188
247.5275 124.0 188
247.8900 124.0 188
248.2306 124.0 188
248.5767 124.0 188
248.9337 124.0 188
249.6204 124.0 188
291.6046 124.0 188
291.9672 124.0 188
292.3077 124.0 188
292.6538 124.0 188
293.0109 124.0 188
293.3569 124.0 188
293.7140 124.0 188
294.0601 124.0 188
294.4061 124.0 188
294.7632 124.0 188
294.9994 125.0 188
295.3400 125.0 188
295.7025 125.0 188
296.0431 125.0 188
296.3892 125.0 188
296.7462 125.0 188
297.0264 126.0 188
297.3889 126.0 188
297.7295 126.0 188
298.0920 126.0 188
298.4326 126.0 188
298.6688 127.0 188
299.0149 127.0 188
299.3719 127.0 188
299.7180 127.0 188
300.0586 127.0 188
300.4211 127.0 188
300.7178 128.0 188
301.0583 128.0 188
301.4044 128.0 188
301.7615 128.0 188
301.9977 129.0 188
302.3438 129.0 188
302.7008 129.0 188
303.0469 129.0 188
303.3875 129.0 188
303.7500 129.0 188
304.0302 130.0 188
304.3872 130.0 188
304.7333 130.0 188
305.0903 130.0 188
305.3265 131.0 188
305.6671 131.0 188
306.0132 131.0 188
306.3098 132.0 188
306.6559 132.0 188
307.0129 132.0 188
307.3590 132.0 188
307.5897 133.0 188
307.8864 134.0 188
308.2324 134.0 188
308.5291 135.0 188
308.8861 135.0 188
309.1223 136.0 188
309.4684 136.0 188
309.7650 137.0 188
310.0616 138.0 188
310.4022 138.0 188
310.6384 139.0 188
310.9351 140.0 188
311.2152 141.0 188
311.5778 141.0 188
311.8744 142.0 188
312.2150 142.0 188
312.4512 143.0 188
312.7478 144.0 188
313.0444 145.0 188
313.3905 145.0 188
313.6871 146.0 188
313.9673 147.0 188
314.2639 148.0 188
314.5605 149.0 188
314.9011 149.0 188
315.1538 150.0 188
315.4340 151.0 188
315.7306 152.0 188
316.0272 153.0 188
316.6699 154.0 188
318.6530 156.0 188
319.4824 160.0 188
328.9966 137.0 188
329.4031 136.0 188
329.7491 136.0 188
330.2161 135.0 188
330.6226 134.0 188
330.9686 134.0 188
331.3696 133.0 188
331.7322 133.0 188
332.0728 133.0 188
332.4353 133.0 188
332.8857 132.0 188
333.2483 132.0 188
333.5889 132.0 188
333.9349 132.0 188
334.3414 131.0 188
334.6985 131.0 188
335.0446 131.0 188
335.3906 131.0 188
335.8575 130.0 188
336.2146 130.0 188
336.5607 130.0 188
336.9012 130.0 188
337.2638 130.0 188
337.6703 129.0 188
338.0109 129.0 188
338.3569 129.0 188
338.7140 129.0 188
339.0601 129.0 188
339.4171 129.0 188
339.8730 128.0 188
340.2301 128.0 188
340.5762 128.0 188
340.9332 128.0 188
341.2793 128.0 188
341.6199 128.0 188
341.9824 128.0 188
342.3889 127.0 188
342.7295 127.0 188
343.0756 127.0 188
343.4326 127.0 188
343.7787 127.0 188
344.1357 127.0 188
344.4818 127.0 188
344.9487 126.0 188
345.2948 126.0 188
345.6354 126.0 188
345.9979 126.0 188
346.3385 126.0 188
346.7010 126.0 188
347.0416 126.0 188
347.3877 126.0 188
347.7448 126.0 188
348.0908 126.0 188
348.4973 125.0 188
348.8544 125.0 188
349.2004 125.0 188
349.5465 125.0 188
349.9036 125.0 188
350.2496 125.0 188
350.5902 125.0 188
350.9528 125.0 188
351.2933 125.0 188
351.6559 125.0 188
351.9965 125.0 188
352.3425 125.0 188
352.6996 125.0 188
353.0457 125.0 188
353.5126 124.0 188
353.8586 124.0 188
354.1992 124.0 188
354.5618 124.0 188
354.9023 124.0 188
355.2649 124.0 188
355.6055 124.0 188
355.9515 124.0 188
356.3086 124.0 188
356.6547 124.0 188
356.9952 124.0 188
357.3578 124.0 188
357.6984 124.0 188
358.0609 124.0 188
358.4015 124.0 188
358.7476 124.0 188
359.1046 124.0 188
359.4507 124.0 188
359.7968 124.0 188
0.1538 124.0 188
0.4999 124.0 188
0.8569 124.0 188
1.2030 124.0 188
1.5436 124.0 188
1.9061 124.0 188
2.2467 124.0 188
2.5928 124.0 188
