#RPLIDAR SCAN DATA
#COUNT=843
#Angule	Distance	Quality
3.0762 124.0 188
3.4167 124.0 188
3.7628 124.0 188
4.1089 124.0 188
4.4495 124.0 188
4.7955 124.0 188
5.1526 124.0 188
5.4987 124.0 188
5.8392 124.0 188
6.1853 124.0 188
6.5259 124.0 188
6.8719 124.0 188
7.2180 124.0 188
7.5751 124.0 188
7.7948 125.0 188
8.1519 125.0 188
8.4979 125.0 188
8.8385 125.0 188
9.1846 125.0 188
9.5306 125.0 188
9.8712 125.0 188
10.2173 125.0 188
10.5743 125.0 188
10.9204 125.0 188
11.2610 125.0 188
11.6071 125.0 188
11.9531 125.0 188
12.2937 125.0 188
12.6398 125.0 188
12.9803 125.0 188
13.3429 125.0 188
13.6835 125.0 188
13.9636 126.0 188
14.3097 126.0 188
14.6667 126.0 188
15.0128 126.0 188
15.3589 126.0 188
15.6995 126.0 188
16.0455 126.0 188
16.3861 126.0 188
16.7322 126.0 188
17.0728 126.0 188
17.4353 126.0 188
17.6550 127.0 188
18.0121 127.0 188
18.3582 127.0 188
18.6987 127.0 188
19.0448 127.0 188
19.3854 127.0 188
19.7314 127.0 188
20.0775 127.0 188
20.4346 127.0 188
20.7147 128.0 188
21.0608 128.0 188
21.4014 128.0 188
21.7474 128.0 188
22.1045 128.0 188
22.4506 128.0 188
22.7966 128.0 188
23.0273 129.0 188
23.3734 129.0 188
23.7140 129.0 188
24.0601 129.0 188
24.4061 129.0 188
24.7467 129.0 188
25.0928 129.0 188
25.3894 130.0 188
25.7300 130.0 188
26.0760 130.0 188
26.4166 130.0 188
26.7627 130.0 188
27.1198 130.0 188
27.4658 130.0 188
27.7020 131.0 188
28.0426 131.0 188
28.3887 131.0 188
28.7292 131.0 188
29.0753 131.0 188
29.3719 132.0 188
29.7180 132.0 188
30.0586 132.0 188
30.4047 132.0 188
30.6354 133.0 188
30.9814 133.0 188
31.2781 134.0 188
31.6241 134.0 188
31.9043 135.0 188
32.2449 135.0 188
32.5909 135.0 188
32.8271 136.0 188
33.1677 136.0 188
33.4644 137.0 188
33.8104 137.0 188
34.1071 138.0 188
34.4531 138.0 188
34.6838 139.0 188
35.0299 139.0 188
35.3101 140.0 188
35.6067 141.0 188
35.9528 141.0 188
36.2329 142.0 188
36.5735 142.0 188
36.8097 143.0 188
37.1558 143.0 188
37.4524 144.0 188
37.7490 145.0 188
38.0896 145.0 188
38.3862 146.0 188
38.6719 147.0 188
38.9685 148.0 188
39.3091 148.0 188
39.6057 149.0 188
39.9518 149.0 188
40.1825 150.0 188
40.4681 151.0 188
40.7648 152.0 188
41.1053 152.0 188
41.4020 153.0 188
41.7480 153.0 188
42.0447 154.0 188
42.3248 155.0 188
42.6215 156.0 188
42.9016 157.0 188
43.2642 157.0 188
43.5443 158.0 188
43.8409 159.0 188
44.1211 160.0 188
44.4177 161.0 188
44.7638 161.0 188
45.0604 162.0 188
45.3571 163.0 188
45.6372 164.0 188
45.9833 165.0 188
46.2799 166.0 188
46.5765 167.0 188
46.8567 168.0 188
47.1533 169.0 188
47.4335 170.0 188
47.7301 171.0 188
48.0267 172.0 188
48.3728 173.0 188
48.6530 174.0 188
48.9496 175.0 188
49.2462 176.0 188
49.5264 177.0 188
49.8889 178.0 188
50.1196 180.0 188
50.4053 181.0 188
50.7458 182.0 188
51.0425 183.0 188
51.2787 185.0 188
51.6248 186.0 188
51.9214 187.0 188
52.2015 188.0 188
52.5586 189.0 188
52.7948 191.0 188
53.1354 192.0 188
53.4375 193.0 188
53.7177 195.0 188
54.0143 196.0 188
54.2944 198.0 188
54.5911 199.0 188
54.8877 201.0 188
55.1678 202.0 188
55.4645 204.0 188
55.7611 205.0 188
56.0468 207.0 188
56.3434 209.0 188
56.6235 211.0 188
56.9202 213.0 188
57.2168 215.0 188
57.4969 216.0 188
57.7936 218.0 188
58.0902 220.0 188
58.3704 222.0 188
58.6670 224.0 188
58.9526 226.0 188
59.2493 228.0 188
59.5459 230.0 188
59.8260 233.0 188
60.1227 235.0 188
60.4193 237.0 188
60.6995 239.0 188
61.0455 241.0 188
61.2762 244.0 188
61.5729 247.0 188
61.8750 249.0 188
62.1552 251.0 188
62.4518 254.0 188
62.7484 257.0 188
63.0286 260.0 188
63.3252 262.0 188
63.6053 265.0 188
63.9020 268.0 188
64.1986 271.0 188
64.4843 275.0 188
64.7809 277.0 188
65.0775 280.0 188
65.3577 283.0 188
65.6543 287.0 188
65.9509 290.0 188
66.2311 294.0 188
66.5277 297.0 188
66.8079 301.0 188
67.1045 305.0 188
67.4011 309.0 188
67.6868 313.0 188
67.9834 316.0 188
68.2635 321.0 188
68.5602 325.0 188
68.8568 330.0 188
69.1370 334.0 188
69.4336 339.0 188
69.7137 344.0 188
70.0104 349.0 188
70.3125 353.0 188
70.5927 358.0 188
70.8893 363.0 188
71.1694 368.0 188
71.4661 374.0 188
71.7627 379.0 188
72.0428 385.0 188
72.3395 392.0 188
72.6196 398.0 188
72.9218 404.0 188
73.2184 410.0 188
73.4985 417.0 188
73.7952 425.0 188
74.0753 432.0 188
74.3719 440.0 188
74.6686 449.0 188
74.9487 457.0 188
75.2454 465.0 188
75.5310 474.0 188
75.8276 484.0 188
76.1243 493.0 188
76.4044 503.0 188
76.7010 514.0 188
76.9812 524.0 188
77.2778 536.0 188
77.5745 548.0 188
77.8546 560.0 188
78.1512 572.0 188
78.4369 586.0 188
78.7939 598.0 188
79.0741 614.0 188
79.3707 630.0 188
79.6509 646.0 188
79.9530 664.0 188
80.2496 680.0 188
80.5298 698.0 188
80.8264 718.0 188
81.1066 736.0 188
82.0294 658.0 188
82.3700 650.0 188
82.7765 644.0 188
83.1226 638.0 188
83.4686 636.0 188
83.8257 632.0 188
84.2157 630.0 188
84.5728 630.0 188
84.9188 630.0 188
85.2649 628.0 188
85.6055 626.0 188
85.9515 626.0 188
86.3086 628.0 188
86.6547 628.0 188
86.9952 626.0 188
87.3413 624.0 188
87.6874 624.0 188
88.0444 624.0 188
88.3905 624.0 188
88.7311 624.0 188
89.0771 624.0 188
89.4177 624.0 188
89.7638 624.0 188
90.1208 622.0 188
90.4669 622.0 188
90.8075 622.0 188
91.1536 624.0 188
91.4996 622.0 188
91.8567 622.0 188
92.2028 624.0 188
92.5433 626.0 188
92.8894 626.0 188
93.2300 626.0 188
93.5925 624.0 188
93.9331 626.0 188
94.2792 626.0 188
94.6198 628.0 188
94.9658 628.0 188
95.3119 628.0 188
95.6689 630.0 188
95.9491 632.0 188
96.2952 634.0 188
96.6522 634.0 188
96.9983 638.0 188
97.3389 646.0 188
97.6355 654.0 188
98.6682 662.0 188
102.4805 564.0 188
103.3429 530.0 188
104.1998 498.0 188
104.6063 485.0 188
105.0128 473.0 188
105.9357 447.0 188
106.3257 437.0 188
106.7322 426.0 188
107.1991 416.0 188
107.5891 406.0 188
108.0615 396.0 188
108.4515 387.0 188
108.8580 379.0 188
109.3250 371.0 188
109.7150 363.0 188
110.1874 356.0 188
110.5884 349.0 188
110.9839 342.0 188
111.4508 335.0 188
111.8573 329.0 188
112.3077 323.0 188
112.7142 317.0 188
113.1702 311.0 188
113.5767 306.0 188
113.9832 300.0 188
114.4336 296.0 188
114.8401 291.0 188
115.2466 286.0 188
115.7025 281.0 188
116.1090 277.0 188
116.5594 272.0 188
116.9659 268.0 188
117.4329 264.0 188
117.8229 260.0 188
118.2953 256.0 188
118.7018 253.0 188
119.0918 249.0 188
119.4983 246.0 188
119.9652 242.0 188
120.3552 239.0 188
120.8276 236.0 188
121.2341 233.0 188
121.6241 230.0 188
122.0911 227.0 188
122.4976 224.0 188
122.8876 222.0 188
123.3545 219.0 188
123.7610 216.0 188
124.1675 214.0 188
124.6234 211.0 188
125.0299 209.0 188
125.4803 206.0 188
125.8868 204.0 188
126.2933 202.0 188
126.6998 200.0 188
127.1558 198.0 188
127.5623 196.0 188
127.9688 194.0 188
128.4192 192.0 188
128.8257 190.0 188
129.2322 189.0 188
129.6387 187.0 188
130.0287 185.0 188
130.4956 183.0 188
130.9021 182.0 188
131.2482 181.0 188
131.6986 179.0 188
132.1051 178.0 188
132.5116 176.0 188
132.9181 175.0 188
133.3740 173.0 188
133.7146 172.0 188
134.1211 171.0 188
134.5935 169.0 188
134.9835 168.0 188
135.3900 167.0 188
135.7965 166.0 188
136.2030 164.0 188
136.6040 163.0 188
136.9995 162.0 188
137.4060 161.0 188
137.8125 160.0 188
138.2135 159.0 188
138.6090 158.0 188
139.0155 157.0 188
139.4165 156.0 188
139.8724 154.0 188
140.2185 154.0 188
140.6250 153.0 188
141.0260 152.0 188
141.4325 151.0 188
141.8390 150.0 188
142.2949 149.0 188
142.7014 148.0 188
143.0420 148.0 188
143.4485 147.0 188
143.8385 146.0 188
144.2450 145.0 188
144.6515 144.0 188
144.9976 144.0 188
145.4041 143.0 188
145.8545 142.0 188
146.2006 142.0 188
146.6071 141.0 188
147.0135 140.0 188
147.3541 140.0 188
147.7606 139.0 188
148.2166 138.0 188
148.5571 138.0 188
148.9636 137.0 188
149.3701 136.0 188
149.7162 136.0 188
150.1666 135.0 188
150.5292 135.0 188
150.9192 134.0 188
151.2653 134.0 188
151.6718 133.0 188
152.0123 133.0 188
152.3584 133.0 188
152.7155 133.0 188
153.1714 132.0 188
153.5120 132.0 188
153.8580 132.0 188
154.1986 132.0 188
154.5612 132.0 188
154.9512 131.0 188
155.2917 131.0 188
155.6543 131.0 188
155.9949 131.0 188
156.3409 131.0 188
156.7969 130.0 188
157.1375 130.0 188
157.5000 130.0 188
157.8406 130.0 188
158.1866 130.0 188
158.5931 129.0 188
158.9337 129.0 188
159.2798 129.0 188
159.6204 129.0 188
159.9664 129.0 188
160.3125 129.0 188
160.6531 129.0 188
161.1200 128.0 188
161.4661 128.0 188
161.8121 128.0 188
162.1527 128.0 188
162.4988 128.0 188
162.8558 128.0 188
163.2019 128.0 188
163.5919 127.0 188
163.9490 127.0 188
164.2950 127.0 188
164.6356 127.0 188
164.9817 127.0 188
165.3278 127.0 188
165.6683 127.0 188
166.0144 127.0 188
166.3715 127.0 188
166.8274 126.0 188
167.1680 126.0 188
167.5140 126.0 188
167.8546 126.0 188
168.2007 126.0 188
168.5577 126.0 188
168.9038 126.0 188
169.2499 126.0 188
169.5905 126.0 188
169.9365 126.0 188
170.2771 126.0 188
170.6232 126.0 188
170.9802 126.0 188
171.3702 125.0 188
171.7163 125.0 188
172.0734 125.0 188
172.4194 125.0 188
172.7655 125.0 188
173.1061 125.0 188
173.4521 125.0 188
173.8092 125.0 188
174.1553 125.0 188
174.4958 125.0 188
174.8419 125.0 188
175.1825 125.0 188
175.5450 125.0 188
175.8856 125.0 188
176.2317 125.0 188
176.5778 125.0 188
176.9183 125.0 188
177.2644 125.0 188
177.6215 125.0 188
177.9675 125.0 188
178.3081 125.0 188
178.6542 125.0 188
178.9948 125.0 188
179.3573 125.0 188
179.6979 125.0 188
180.0439 125.0 188
180.3900 125.0 188
180.7306 125.0 188
181.0931 125.0 188
181.4337 125.0 188
181.7798 125.0 188
182.1204 125.0 188
182.4664 125.0 188
182.8125 125.0 188
183.1696 125.0 188
183.5156 125.0 188
183.8562 125.0 188
184.2023 125.0 188
184.5428 125.0 188
184.9054 125.0 188
185.2460 125.0 188
185.5920 125.0 188
185.9326 125.0 188
186.2787 125.0 188
186.6357 125.0 188
186.9818 125.0 188
187.3279 125.0 188
187.6685 125.0 188
188.0145 125.0 188
188.3551 125.0 188
188.7177 125.0 188
188.9978 126.0 188
189.3384 126.0 188
189.7009 126.0 188
190.0415 126.0 188
190.3876 126.0 188
190.7336 126.0 188
191.0742 126.0 188
191.4368 126.0 188
191.7773 126.0 188
192.1234 126.0 188
192.4640 126.0 188
192.8101 126.0 188
193.1561 126.0 188
193.5132 126.0 188
193.8593 126.0 188
194.0900 127.0 188
194.4360 127.0 188
194.7766 127.0 188
195.1227 127.0 188
195.4688 127.0 188
195.8258 127.0 188
196.1719 127.0 188
196.5125 127.0 188
196.8585 127.0 188
197.1991 127.0 188
197.4957 128.0 188
197.8418 128.0 188
198.1824 128.0 188
198.5449 128.0 188
198.8855 128.0 188
199.2316 128.0 188
199.5776 128.0 188
199.9182 128.0 188
200.1544 129.0 188
200.4950 129.0 188
200.8575 129.0 188
201.1981 129.0 188
201.5442 129.0 188
201.8903 129.0 188
202.2308 129.0 188
202.5275 130.0 188
202.8735 130.0 188
203.2141 130.0 188
203.5602 130.0 188
203.9172 130.0 188
204.2633 130.0 188
204.4995 131.0 188
204.8401 131.0 188
205.1862 131.0 188
205.5267 131.0 188
205.8728 131.0 188
206.2299 131.0 188
206.5155 132.0 188
206.8561 132.0 188
207.2186 132.0 188
207.5592 132.0 188
207.9053 132.0 188
208.1360 133.0 188
208.4821 133.0 188
208.8281 133.0 188
209.1248 134.0 188
209.4653 134.0 188
209.7455 135.0 188
210.1080 135.0 188
210.3387 136.0 188
210.6848 136.0 188
211.0309 136.0 188
211.3275 137.0 188
211.6681 137.0 188
211.9482 138.0 188
212.2943 138.0 188
212.5305 139.0 188
212.8876 139.0 188
213.1677 140.0 188
213.5138 140.0 188
213.8104 141.0 188
214.0906 142.0 188
214.4531 142.0 188
214.7937 142.0 188
215.0299 143.0 188
215.3101 144.0 188
215.6067 145.0 188
215.9528 145.0 188
216.2494 146.0 188
216.5900 146.0 188
216.8701 147.0 188
217.2162 147.0 188
217.5128 148.0 188
217.8094 149.0 188
218.1555 149.0 188
218.3862 150.0 188
218.6719 151.0 188
219.0125 151.0 188
219.3091 152.0 188
219.6057 153.0 188
219.9518 153.0 188
220.2319 154.0 188
220.8746 155.0 188
222.1545 163.0 188
222.4951 163.0 188
222.8412 163.0 188
223.3081 161.0 188
223.7640 159.0 188
233.7341 134.0 188
234.0747 134.0 188
234.4812 133.0 188
234.8273 133.0 188
235.2942 132.0 188
235.6403 132.0 188
235.8710 133.0 188
237.0740 131.0 188
237.7167 128.0 188
238.1232 127.0 188
238.4033 128.0 188
238.7494 128.0 188
238.9801 129.0 188
239.3262 129.0 188
239.6832 129.0 188
240.0293 129.0 188
240.4797 128.0 188
240.8258 128.0 188
241.1829 128.0 188
241.5289 128.0 188
241.9354 127.0 188
242.2760 127.0 188
242.6221 127.0 188
242.9681 127.0 188
243.4351 126.0 188
243.7811 126.0 188
244.1217 126.0 188
244.4678 126.0 188
244.8083 126.0 188
245.2148 125.0 188
245.5609 125.0 188
245.9180 125.0 188
246.2640 125.0 188
246.6046 125.0 188
246.9507 125.0 188
247.4176 124.0 188
247.7637 124.0 188
248.1042 124.0 188
248.4503 124.0 188
248.7964 124.0 188
249.1534 124.0 188
250.1862 124.0 188
291.4178 124.0 188
291.7639 124.0 188
292.1045 124.0 188
292.4506 124.0 188
292.7966 124.0 188
293.1372 124.0 188
293.4998 124.0 188
293.8403 124.0 188
294.1864 124.0 188
294.5270 124.0 188
294.7632 125.0 188
295.1093 125.0 188
295.4498 125.0 188
295.7959 125.0 188
296.1530 125.0 188
296.4990 125.0 188
296.7792 126.0 188
297.1198 126.0 188
297.4823 126.0 188
297.8229 126.0 188
298.1689 126.0 188
298.5150 126.0 188
298.7457 127.0 188
299.0918 127.0 188
299.4324 127.0 188
299.7784 127.0 188
300.1355 127.0 188
300.4211 128.0 188
300.7617 128.0 188
301.1078 128.0 188
301.4648 128.0 188
301.8109 128.0 188
302.0416 129.0 188
302.3877 129.0 188
302.7338 129.0 188
303.0743 129.0 188
303.4204 129.0 188
303.7170 130.0 188
304.0576 130.0 188
304.4037 130.0 188
304.7498 130.0 188
305.0903 130.0 188
305.3265 131.0 188
305.6671 131.0 188
306.0297 131.0 188
306.3098 132.0 188
306.6559 132.0 188
307.0129 132.0 188
307.3590 132.0 188
307.5897 133.0 188
307.8699 134.0 188
308.2324 134.0 188
308.5126 135.0 188
308.8586 135.0 188
309.0894 136.0 188
309.3860 137.0 188
309.7321 137.0 188
310.0287 138.0 188
310.3748 138.0 188
310.6055 139.0 188
310.8856 140.0 188
311.1823 141.0 188
311.5283 141.0 188
311.8250 142.0 188
312.1710 142.0 188
312.4017 143.0 188
312.6874 144.0 188
312.9840 145.0 188
313.3246 145.0 188
313.6212 146.0 188
313.9014 147.0 188
314.2639 147.0 188
314.5441 148.0 188
314.8407 149.0 188
315.0769 150.0 188
315.3571 151.0 188
315.7141 151.0 188
315.9998 152.0 188
316.2964 153.0 188
316.5765 154.0 188
317.5598 155.0 188
328.8263 137.0 188
329.1669 137.0 188
329.5734 136.0 188
330.0293 135.0 188
330.3699 135.0 188
330.7764 134.0 188
331.1224 134.0 188
331.5289 133.0 188
331.8750 133.0 188
332.2321 133.0 188
332.6825 132.0 188
333.0286 132.0 188
333.3746 132.0 188
333.7317 132.0 188
334.1382 131.0 188
334.4843 131.0 188
334.8248 131.0 188
335.1709 131.0 188
335.5115 131.0 188
335.8740 131.0 188
336.3245 130.0 188
336.6705 130.0 188
337.0111 130.0 188
337.3737 130.0 188
337.7142 130.0 188
338.1207 129.0 188
338.4668 129.0 188
338.8074 129.0 188
339.1534 129.0 188
339.4995 129.0 188
339.8566 129.0 188
340.3125 128.0 188
340.6531 128.0 188
341.0156 128.0 188
341.3562 128.0 188
341.7023 128.0 188
342.0428 128.0 188
342.4493 127.0 188
342.7954 127.0 188
343.1360 127.0 188
343.4821 127.0 188
343.8391 127.0 188
344.1852 127.0 188
344.5313 127.0 188
344.9817 126.0 188
345.3387 126.0 188
345.6848 126.0 188
346.0309 126.0 188
346.3715 126.0 188
346.7175 126.0 188
347.0581 126.0 188
347.4207 126.0 188
347.7612 126.0 188
348.1073 126.0 188
348.5138 125.0 188
348.8544 125.0 188
349.2004 125.0 188
349.5465 125.0 188
349.8871 125.0 188
350.2496 125.0 188
350.5902 125.0 188
350.9363 125.0 188
351.2769 125.0 188
351.6229 125.0 188
351.9800 125.0 188
352.3260 125.0 188
352.6666 125.0 188
353.0127 125.0 188
353.3588 125.0 188
353.6993 125.0 188
354.1718 124.0 188
354.5123 124.0 188
354.8584 124.0 188
355.1990 124.0 188
355.5615 124.0 188
355.9021 124.0 188
356.2482 124.0 188
356.5887 124.0 188
356.9348 124.0 188
357.2809 124.0 188
357.6379 124.0 188
357.9840 124.0 188
358.3246 124.0 188
358.6707 124.0 188
359.0112 124.0 188
359.3738 124.0 188
359.7144 124.0 188
0.0604 124.0 188
0.4010 124.0 188
0.7471 124.0 188
1.0931 124.0 188
1.4502 124.0 188
1.7963 124.0 188
2.1368 124.0 188
2.4829 124.0 188
