#RPLIDAR SCAN DATA
#COUNT=847
#Angule	Distance	Quality
3.0432 124.0 188
3.3893 124.0 188
3.7299 124.0 188
4.0759 124.0 188
4.4165 124.0 188
4.7626 124.0 188
5.0922 124.0 188
5.4327 124.0 188
5.7788 124.0 188
6.1249 124.0 188
6.3556 125.0 188
6.6852 125.0 188
7.0313 125.0 188
7.3718 125.0 188
7.7179 125.0 188
8.0585 125.0 188
8.4045 125.0 188
8.7451 125.0 188
9.0912 125.0 188
9.4208 125.0 188
9.7614 125.0 188
10.1074 125.0 188
10.4480 125.0 188
10.7941 125.0 188
11.1401 125.0 188
11.4807 125.0 188
11.8103 125.0 188
12.1509 125.0 188
12.4969 125.0 188
12.8430 125.0 188
13.1836 125.0 188
13.4637 126.0 188
13.8098 126.0 188
14.1559 126.0 188
14.4965 126.0 188
14.8425 126.0 188
15.1666 126.0 188
15.5127 126.0 188
15.8588 126.0 188
16.1993 126.0 188
16.5454 126.0 188
16.8860 126.0 188
17.1057 127.0 188
17.4518 127.0 188
17.7924 127.0 188
18.1384 127.0 188
18.4790 127.0 188
18.8251 127.0 188
19.1711 127.0 188
19.4952 127.0 188
19.8413 127.0 188
20.1379 128.0 188
20.4675 128.0 188
20.8081 128.0 188
21.1542 128.0 188
21.4948 128.0 188
21.8408 128.0 188
22.1869 128.0 188
22.5275 128.0 188
22.7472 129.0 188
23.0933 129.0 188
23.4338 129.0 188
23.7799 129.0 188
24.1205 129.0 188
24.4501 129.0 188
24.7467 130.0 188
25.0928 130.0 188
25.4169 130.0 188
25.7629 130.0 188
26.1090 130.0 188
26.4496 130.0 188
26.7957 130.0 188
27.0154 131.0 188
27.3560 131.0 188
27.7020 131.0 188
28.0426 131.0 188
28.3887 131.0 188
28.6688 132.0 188
29.0149 132.0 188
29.3555 132.0 188
29.7015 132.0 188
30.0421 132.0 188
30.2618 133.0 188
30.6079 133.0 188
30.8881 134.0 188
31.2341 134.0 188
31.5747 134.0 188
31.8549 135.0 188
32.2009 135.0 188
32.4371 136.0 188
32.7777 136.0 188
33.0579 137.0 188
33.4039 137.0 188
33.6841 138.0 188
34.0302 138.0 188
34.2499 139.0 188
34.5465 140.0 188
34.8706 140.0 188
35.2167 140.0 188
35.4968 141.0 188
35.8429 141.0 188
36.1395 142.0 188
36.3593 143.0 188
36.6998 143.0 188
36.9800 144.0 188
37.3260 144.0 188
37.6062 145.0 188
37.9028 146.0 188
38.1830 147.0 188
38.5291 147.0 188
38.8092 148.0 188
39.1553 148.0 188
39.4354 149.0 188
39.7760 149.0 188
40.0122 150.0 188
40.2924 151.0 188
40.5780 152.0 188
40.9186 152.0 188
41.1987 153.0 188
41.4844 154.0 188
41.7810 155.0 188
42.1051 155.0 188
42.4017 156.0 188
42.6874 157.0 188
42.9675 158.0 188
43.3081 158.0 188
43.5938 159.0 188
43.8904 160.0 188
44.1705 161.0 188
44.4507 162.0 188
44.7308 163.0 188
45.0275 164.0 188
45.3735 164.0 188
45.7031 165.0 188
45.9998 166.0 188
46.2799 167.0 188
46.5601 168.0 188
46.8567 169.0 188
47.1368 170.0 188
47.4170 171.0 188
47.7136 172.0 188
48.0432 173.0 188
48.3398 174.0 188
48.6200 175.0 188
48.8562 177.0 188
49.2023 178.0 188
49.4824 179.0 188
49.7626 180.0 188
50.0427 181.0 188
50.3888 182.0 188
50.6854 183.0 188
50.9052 185.0 188
51.2457 186.0 188
51.5424 187.0 188
51.8280 188.0 188
52.1686 189.0 188
52.4487 190.0 188
52.7344 192.0 188
53.0310 193.0 188
53.3112 195.0 188
53.5913 196.0 188
53.8879 198.0 188
54.1681 199.0 188
54.4482 200.0 188
54.7339 202.0 188
55.0305 204.0 188
55.3107 206.0 188
55.5908 207.0 188
55.8875 209.0 188
56.2335 210.0 188
56.4478 212.0 188
56.7499 214.0 188
57.0300 216.0 188
57.3102 218.0 188
57.5903 220.0 188
57.8870 222.0 188
58.1671 224.0 188
58.4528 226.0 188
58.7494 228.0 188
59.0295 230.0 188
59.3097 232.0 188
59.6558 234.0 188
59.8865 237.0 188
60.1666 239.0 188
60.5127 241.0 188
60.7928 243.0 188
61.0291 246.0 188
61.3696 248.0 188
61.6553 250.0 188
61.9519 253.0 188
62.2321 256.0 188
62.5122 258.0 188
62.8088 261.0 188
63.0890 264.0 188
63.3746 267.0 188
63.6713 270.0 188
63.9514 273.0 188
64.2316 276.0 188
64.5117 279.0 188
64.8083 282.0 188
65.0885 285.0 188
65.3741 288.0 188
65.6708 292.0 188
65.9509 295.0 188
66.2311 299.0 188
66.5277 303.0 188
66.8079 306.0 188
67.0935 310.0 188
67.3901 314.0 188
67.6703 318.0 188
67.9504 323.0 188
68.2471 327.0 188
68.5272 331.0 188
68.8074 336.0 188
69.0930 340.0 188
69.3896 344.0 188
69.6698 350.0 188
69.9500 355.0 188
70.2466 360.0 188
70.5267 364.0 188
70.8124 370.0 188
71.1090 375.0 188
71.3892 380.0 188
71.6693 387.0 188
71.9659 393.0 188
72.2461 398.0 188
72.5262 404.0 188
72.8229 411.0 188
73.1085 418.0 188
73.3887 426.0 188
73.6853 432.0 188
73.9655 440.0 188
74.2456 449.0 188
74.5422 457.0 188
74.8279 466.0 188
75.1080 475.0 188
75.4047 484.0 188
75.6848 493.0 188
75.9650 502.0 188
76.3110 512.0 188
76.5912 522.0 188
76.8878 534.0 188
77.1075 548.0 188
77.4481 558.0 188
77.7448 568.0 188
78.0304 580.0 188
78.3105 596.0 188
78.6072 610.0 188
78.8873 626.0 188
79.1675 640.0 188
79.4641 656.0 188
79.7498 676.0 188
80.0299 696.0 188
80.3265 712.0 188
80.6067 732.0 188
80.8868 748.0 188
81.8591 656.0 188
82.2491 646.0 188
82.5897 640.0 188
82.9358 636.0 188
83.2764 632.0 188
83.6829 630.0 188
84.0289 630.0 188
84.3585 628.0 188
84.6991 626.0 188
85.0452 624.0 188
85.3857 622.0 188
85.7318 622.0 188
86.0779 622.0 188
86.4185 624.0 188
86.7645 624.0 188
87.1051 622.0 188
87.4512 620.0 188
87.7917 620.0 188
88.1213 620.0 188
88.4674 620.0 188
88.8080 620.0 188
89.1541 620.0 188
89.4946 620.0 188
89.8407 620.0 188
90.1868 618.0 188
90.5273 618.0 188
90.8734 618.0 188
91.2140 618.0 188
91.5436 618.0 188
91.8896 620.0 188
92.2302 622.0 188
92.5763 622.0 188
92.9169 622.0 188
93.2629 620.0 188
93.6090 620.0 188
93.9496 620.0 188
94.2957 622.0 188
94.6362 626.0 188
94.9823 626.0 188
95.3119 626.0 188
95.6525 626.0 188
95.9985 624.0 188
96.3391 628.0 188
96.6248 634.0 188
96.9653 640.0 188
97.3114 646.0 188
97.6080 652.0 188
97.9486 658.0 188
98.2782 664.0 188
104.0295 505.0 188
104.8865 477.0 188
105.2765 465.0 188
105.7489 453.0 188
106.1389 442.0 188
106.5894 430.0 188
106.9958 420.0 188
107.3859 410.0 188
107.8418 401.0 188
108.2483 392.0 188
108.6987 383.0 188
109.0887 375.0 188
109.5447 367.0 188
109.9512 360.0 188
110.3412 353.0 188
110.7916 346.0 188
111.1981 340.0 188
111.5936 333.0 188
112.0441 326.0 188
112.4506 321.0 188
112.8406 316.0 188
113.2965 310.0 188
113.7030 304.0 188
114.1534 299.0 188
114.5435 294.0 188
115.0104 289.0 188
115.4059 284.0 188
115.7959 280.0 188
116.2628 276.0 188
116.6528 271.0 188
117.1088 267.0 188
117.5153 263.0 188
117.9053 259.0 188
118.3557 255.0 188
118.7622 252.0 188
119.1522 249.0 188
119.5587 246.0 188
120.0146 242.0 188
120.4651 238.0 188
120.8551 235.0 188
121.2616 232.0 188
121.6516 230.0 188
122.1075 226.0 188
122.5140 224.0 188
122.9645 221.0 188
123.3710 219.0 188
123.7610 217.0 188
124.1675 214.0 188
124.6234 211.0 188
125.0134 209.0 188
125.4199 207.0 188
125.8704 204.0 188
126.2604 202.0 188
126.6669 200.0 188
127.1228 198.0 188
127.5128 196.0 188
127.9193 194.0 188
128.3698 192.0 188
128.7653 190.0 188
129.1718 189.0 188
129.5123 188.0 188
129.9683 186.0 188
130.3748 184.0 188
130.8252 182.0 188
131.1713 181.0 188
131.6217 179.0 188
132.0117 178.0 188
132.3578 177.0 188
132.8082 175.0 188
133.2147 174.0 188
133.6047 172.0 188
134.0112 171.0 188
134.4012 170.0 188
134.8077 169.0 188
135.1978 168.0 188
135.6537 166.0 188
136.0602 165.0 188
136.4063 164.0 188
136.7963 163.0 188
137.2028 162.0 188
137.5928 161.0 188
138.0597 159.0 188
138.4497 158.0 188
138.8562 157.0 188
139.2462 156.0 188
139.6527 155.0 188
139.9823 155.0 188
140.3888 154.0 188
140.7788 153.0 188
141.2457 151.0 188
141.5918 151.0 188
141.9818 150.0 188
142.4323 149.0 188
142.8387 148.0 188
143.1848 148.0 188
143.5748 147.0 188
143.9813 146.0 188
144.3713 145.0 188
144.7778 144.0 188
145.1239 144.0 188
145.5139 143.0 188
145.9644 142.0 188
146.3708 141.0 188
146.7169 141.0 188
147.1069 140.0 188
147.4530 140.0 188
147.8430 139.0 188
148.3099 138.0 188
148.6560 138.0 188
149.0460 137.0 188
149.3866 137.0 188
149.7766 136.0 188
150.1227 136.0 188
150.5731 135.0 188
150.9796 134.0 188
151.3257 134.0 188
151.7157 133.0 188
152.0618 133.0 188
152.4023 133.0 188
152.7484 133.0 188
153.1989 132.0 188
153.5449 132.0 188
153.8855 132.0 188
154.2316 132.0 188
154.5776 132.0 188
154.9677 131.0 188
155.3082 131.0 188
155.6543 131.0 188
155.9949 131.0 188
156.3409 131.0 188
156.7969 130.0 188
157.1375 130.0 188
157.4835 130.0 188
157.8076 130.0 188
158.1537 130.0 188
158.5602 129.0 188
158.9063 129.0 188
159.2468 129.0 188
159.5764 129.0 188
159.9170 129.0 188
160.2631 129.0 188
160.7135 128.0 188
161.0596 128.0 188
161.4056 128.0 188
161.7462 128.0 188
162.0923 128.0 188
162.4329 128.0 188
162.7789 128.0 188
163.1085 128.0 188
163.5150 127.0 188
163.8556 127.0 188
164.2017 127.0 188
164.5422 127.0 188
164.8718 127.0 188
165.2179 127.0 188
165.5585 127.0 188
165.9045 127.0 188
166.2451 127.0 188
166.7010 126.0 188
167.0416 126.0 188
167.3877 126.0 188
167.7338 126.0 188
168.0743 126.0 188
168.4204 126.0 188
168.7500 126.0 188
169.0906 126.0 188
169.4366 126.0 188
169.7772 126.0 188
170.1233 126.0 188
170.4639 126.0 188
170.8099 126.0 188
171.1560 126.0 188
171.5460 125.0 188
171.8866 125.0 188
172.2327 125.0 188
172.5732 125.0 188
172.9193 125.0 188
173.2489 125.0 188
173.5895 125.0 188
173.9355 125.0 188
174.2761 125.0 188
174.6222 125.0 188
174.9683 125.0 188
175.3088 125.0 188
175.6549 125.0 188
175.9790 125.0 188
176.3251 125.0 188
176.6711 125.0 188
177.0117 125.0 188
177.3578 125.0 188
177.6984 125.0 188
178.0444 125.0 188
178.3905 125.0 188
178.7146 125.0 188
179.0607 125.0 188
179.4012 125.0 188
179.7473 125.0 188
180.0934 125.0 188
180.4340 125.0 188
180.7800 125.0 188
181.1041 125.0 188
181.4502 125.0 188
181.7963 125.0 188
182.1368 125.0 188
182.4829 125.0 188
182.8235 125.0 188
183.1696 125.0 188
183.4991 125.0 188
183.8397 125.0 188
184.1858 125.0 188
184.5264 125.0 188
184.8724 125.0 188
185.2185 125.0 188
185.5591 125.0 188
185.9052 125.0 188
186.2292 125.0 188
186.5753 125.0 188
186.9214 125.0 188
187.2620 125.0 188
187.6080 125.0 188
187.9486 125.0 188
188.2947 125.0 188
188.5748 126.0 188
188.9209 126.0 188
189.2615 126.0 188
189.5911 126.0 188
189.9371 126.0 188
190.2777 126.0 188
190.6238 126.0 188
190.9644 126.0 188
191.3104 126.0 188
191.6510 126.0 188
191.9806 126.0 188
192.3267 126.0 188
192.6672 126.0 188
193.0133 126.0 188
193.3594 126.0 188
193.7000 126.0 188
193.9197 127.0 188
194.2603 127.0 188
194.6063 127.0 188
194.9524 127.0 188
195.2930 127.0 188
195.6390 127.0 188
195.9796 127.0 188
196.3092 127.0 188
196.6553 127.0 188
196.9958 127.0 188
197.3419 127.0 188
197.6221 128.0 188
197.9681 128.0 188
198.3087 128.0 188
198.6548 128.0 188
198.9954 128.0 188
199.3414 128.0 188
199.6710 128.0 188
199.9017 129.0 188
200.2478 129.0 188
200.5884 129.0 188
200.9344 129.0 188
201.2640 129.0 188
201.6046 129.0 188
201.9507 129.0 188
202.2968 129.0 188
202.5769 130.0 188
202.9175 130.0 188
203.2635 130.0 188
203.6041 130.0 188
203.9502 130.0 188
204.2963 130.0 188
204.6204 130.0 188
204.8566 131.0 188
205.2026 131.0 188
205.5432 131.0 188
205.8893 131.0 188
206.2134 131.0 188
206.5155 132.0 188
206.8561 132.0 188
207.1857 132.0 188
207.5262 132.0 188
207.8723 132.0 188
208.1085 133.0 188
208.4491 133.0 188
208.7787 133.0 188
209.0753 134.0 188
209.4214 134.0 188
209.7455 134.0 188
210.0421 135.0 188
210.3882 135.0 188
210.6079 136.0 188
210.9485 136.0 188
211.2451 137.0 188
211.5912 137.0 188
211.8713 138.0 188
212.2174 138.0 188
212.4481 139.0 188
212.7777 139.0 188
213.0743 140.0 188
213.4204 140.0 188
213.7006 141.0 188
213.9807 142.0 188
214.3268 142.0 188
214.5575 143.0 188
214.9036 143.0 188
215.1837 144.0 188
215.5298 144.0 188
215.8264 145.0 188
216.1066 146.0 188
216.4526 146.0 188
216.7328 147.0 188
217.0734 147.0 188
217.3700 148.0 188
217.6996 148.0 188
217.9962 149.0 188
218.2324 150.0 188
218.5126 151.0 188
218.8586 151.0 188
219.1388 152.0 188
219.4794 152.0 188
219.7650 153.0 188
220.0616 154.0 188
221.0284 155.0 188
221.8854 164.0 188
222.2919 163.0 188
222.6379 163.0 188
223.0884 161.0 188
223.8904 159.0 188
233.7616 134.0 188
234.1077 134.0 188
234.5142 133.0 188
234.8547 133.0 188
235.3107 132.0 188
235.9973 132.0 188
238.1067 127.0 188
238.4528 127.0 188
238.7494 128.0 188
238.9636 129.0 188
239.3097 129.0 188
239.6558 129.0 188
239.9963 129.0 188
240.4523 128.0 188
240.7928 128.0 188
241.1389 128.0 188
241.4795 128.0 188
241.8860 127.0 188
242.2321 127.0 188
242.5781 127.0 188
242.9187 127.0 188
243.2648 127.0 188
243.7152 126.0 188
244.0613 126.0 188
244.4019 126.0 188
244.7479 126.0 188
245.0885 126.0 188
245.4840 125.0 188
245.8246 125.0 188
246.1707 125.0 188
246.5112 125.0 188
246.8573 125.0 188
247.3077 124.0 188
247.6538 124.0 188
247.9999 124.0 188
248.3405 124.0 188
248.6865 124.0 188
249.0271 124.0 188
250.0598 124.0 188
291.8243 124.0 188
292.1704 124.0 188
292.5110 124.0 188
292.8571 124.0 188
293.1866 124.0 188
293.5272 124.0 188
293.8733 124.0 188
294.2139 124.0 188
294.5599 124.0 188
294.7961 125.0 188
295.1202 125.0 188
295.4663 125.0 188
295.8124 125.0 188
296.1530 125.0 188
296.4990 125.0 188
296.7792 126.0 188
297.1198 126.0 188
297.4658 126.0 188
297.8119 126.0 188
298.1525 126.0 188
298.4985 126.0 188
298.7183 127.0 188
299.0588 127.0 188
299.4049 127.0 188
299.7455 127.0 188
300.0916 127.0 188
300.4321 127.0 188
300.7178 128.0 188
301.0583 128.0 188
301.4044 128.0 188
301.7450 128.0 188
302.0746 128.0 188
302.3108 129.0 188
302.6514 129.0 188
302.9974 129.0 188
303.3435 129.0 188
303.6237 130.0 188
303.9642 130.0 188
304.3103 130.0 188
304.6509 130.0 188
304.9805 130.0 188
305.2167 131.0 188
305.5573 131.0 188
305.9033 131.0 188
306.2494 131.0 188
306.5295 132.0 188
306.8701 132.0 188
307.2162 132.0 188
307.4359 133.0 188
307.7765 133.0 188
308.0621 134.0 188
308.4027 134.0 188
308.6993 135.0 188
308.9191 136.0 188
309.2651 136.0 188
309.5618 137.0 188
309.8859 137.0 188
310.1825 138.0 188
310.4022 139.0 188
310.7483 139.0 188
311.0449 140.0 188
311.3251 141.0 188
311.6711 141.0 188
311.9513 142.0 188
312.1875 143.0 188
312.4677 144.0 188
312.8082 144.0 188
313.0884 145.0 188
313.4344 145.0 188
313.7146 146.0 188
314.0112 147.0 188
314.2969 148.0 188
314.5770 149.0 188
314.9176 149.0 188
315.1538 150.0 188
315.4340 151.0 188
315.7800 151.0 188
317.6697 154.0 188
319.4989 158.0 188
328.7329 137.0 188
329.1229 136.0 188
329.4635 136.0 188
329.9194 135.0 188
330.2655 135.0 188
330.6665 134.0 188
331.0620 133.0 188
331.4026 133.0 188
331.7487 133.0 188
332.0892 133.0 188
332.5452 132.0 188
332.8857 132.0 188
333.2318 132.0 188
333.5779 132.0 188
333.9844 131.0 188
334.3250 131.0 188
334.6710 131.0 188
334.9951 131.0 188
335.3412 131.0 188
335.8081 130.0 188
336.1542 130.0 188
336.4838 130.0 188
336.8243 130.0 188
337.1704 130.0 188
337.5769 129.0 188
337.9175 129.0 188
338.2635 129.0 188
338.6041 129.0 188
338.9337 129.0 188
339.2798 129.0 188
339.7467 128.0 188
340.0928 128.0 188
340.4169 128.0 188
340.7629 128.0 188
341.1090 128.0 188
341.4496 128.0 188
341.7957 128.0 188
342.2021 127.0 188
342.5427 127.0 188
342.8723 127.0 188
343.2184 127.0 188
343.5590 127.0 188
343.9050 127.0 188
344.2456 127.0 188
344.5917 127.0 188
345.0421 126.0 188
345.3882 126.0 188
345.7178 126.0 188
346.0583 126.0 188
346.4044 126.0 188
346.7450 126.0 188
347.0911 126.0 188
347.4371 126.0 188
347.7612 126.0 188
348.1073 126.0 188
348.5138 125.0 188
348.8434 125.0 188
349.1840 125.0 188
349.5300 125.0 188
349.8706 125.0 188
350.2167 125.0 188
350.5573 125.0 188
350.8868 125.0 188
351.2329 125.0 188
351.5735 125.0 188
351.9196 125.0 188
352.2656 125.0 188
352.6062 125.0 188
352.9358 125.0 188
353.2764 125.0 188
353.6224 125.0 188
353.9685 125.0 188
354.4189 124.0 188
354.7650 124.0 188
355.1056 124.0 188
355.4517 124.0 188
355.7813 124.0 188
356.1218 124.0 188
356.4679 124.0 188
356.8085 124.0 188
357.1545 124.0 188
357.4951 124.0 188
357.8247 124.0 188
358.1708 124.0 188
358.5114 124.0 188
358.8574 124.0 188
359.1980 124.0 188
359.5441 124.0 188
359.8737 124.0 188
0.2142 124.0 188
0.5603 124.0 188
0.9009 124.0 188
1.2469 124.0 188
1.5930 124.0 188
1.9171 124.0 188
2.2632 124.0 188
2.6093 124.0 188
