#RPLIDAR SCAN DATA
#COUNT=470
#Angule	Distance	Quality
66.3739 124.0 188
66.7145 124.0 188
67.6538 125.0 188
70.5762 141.0 188
79.6509 131.0 188
80.1233 130.0 188
80.4639 130.0 188
80.8099 130.0 188
81.1560 130.0 188
81.5131 130.0 188
81.8591 130.0 188
82.1997 130.0 188
82.5458 130.0 188
82.9028 130.0 188
83.2489 130.0 188
83.5895 130.0 188
83.9355 130.0 188
84.2926 130.0 188
84.6387 130.0 188
84.9792 130.0 188
85.3253 130.0 188
85.6824 130.0 188
86.0284 130.0 188
86.3745 130.0 188
86.7151 130.0 188
87.0776 130.0 188
87.4182 130.0 188
87.7643 130.0 188
88.1049 130.0 188
88.4674 130.0 188
88.8080 130.0 188
89.1541 130.0 188
89.4946 130.0 188
89.8407 130.0 188
90.1978 130.0 188
90.5438 130.0 188
90.8899 130.0 188
91.2305 130.0 188
91.5765 130.0 188
91.9171 130.0 188
92.2797 130.0 188
92.6202 130.0 188
92.9663 130.0 188
93.3124 130.0 188
93.6530 130.0 188
93.9990 130.0 188
94.3396 130.0 188
94.7021 130.0 188
95.0427 130.0 188
95.3888 130.0 188
95.7294 130.0 188
96.0754 130.0 188
96.4215 130.0 188
96.7786 130.0 188
97.1246 130.0 188
97.4652 130.0 188
97.8113 130.0 188
98.1519 130.0 188
98.4979 130.0 188
98.8550 130.0 188
99.2010 130.0 188
99.5416 130.0 188
99.8877 130.0 188
100.2338 130.0 188
100.5743 130.0 188
100.8105 131.0 188
101.1511 131.0 188
101.4972 131.0 188
101.8542 131.0 188
102.2003 131.0 188
102.5464 131.0 188
102.8870 131.0 188
103.2330 131.0 188
103.5297 132.0 188
103.8702 132.0 188
104.2163 132.0 188
104.5624 132.0 188
104.7931 133.0 188
105.1392 133.0 188
105.4797 133.0 188
105.8423 133.0 188
106.1829 133.0 188
106.4685 134.0 188
106.8091 134.0 188
107.1716 134.0 188
107.5122 134.0 188
107.7924 135.0 188
108.1384 135.0 188
108.4955 135.0 188
108.7152 136.0 188
109.0778 136.0 188
109.4183 136.0 188
109.7644 136.0 188
110.0446 137.0 188
110.4016 137.0 188
110.7477 137.0 188
111.0278 138.0 188
111.3739 138.0 188
111.6046 139.0 188
111.9507 139.0 188
112.3077 139.0 188
112.5934 140.0 188
112.9340 140.0 188
113.2800 140.0 188
113.5767 141.0 188
113.9172 141.0 188
114.2139 142.0 188
114.5599 142.0 188
114.9060 142.0 188
115.1367 143.0 188
115.4828 143.0 188
115.7794 144.0 188
116.1200 144.0 188
116.4661 144.0 188
116.7462 145.0 188
117.1088 145.0 188
117.3889 146.0 188
117.7295 146.0 188
118.0261 147.0 188
118.3722 147.0 188
118.6523 148.0 188
119.0149 148.0 188
119.2950 149.0 188
119.6356 149.0 188
119.8718 150.0 188
120.2179 150.0 188
120.5145 151.0 188
120.8551 151.0 188
121.1517 152.0 188
121.4978 152.0 188
121.7780 153.0 188
122.1405 153.0 188
122.4207 154.0 188
122.7173 155.0 188
123.0579 155.0 188
123.3435 156.0 188
123.6401 157.0 188
123.9807 157.0 188
124.2773 158.0 188
124.5575 159.0 188
124.9200 159.0 188
125.2002 160.0 188
125.5463 160.0 188
125.8429 161.0 188
126.1230 162.0 188
126.4197 163.0 188
126.7163 164.0 188
127.0624 165.0 188
127.4030 165.0 188
127.6831 166.0 188
127.9797 167.0 188
128.3258 167.0 188
128.6224 168.0 188
128.9026 169.0 188
129.1992 170.0 188
129.4794 171.0 188
129.7760 172.0 188
130.1221 172.0 188
130.4681 173.0 188
130.7648 174.0 188
131.0614 175.0 188
131.3416 176.0 188
131.6382 177.0 188
131.9843 178.0 188
132.2809 179.0 188
132.5610 180.0 188
132.9016 180.0 188
133.1982 181.0 188
133.5443 182.0 188
133.8409 183.0 188
134.1211 184.0 188
134.4177 185.0 188
134.6979 187.0 188
135.0000 188.0 188
135.3406 189.0 188
135.6372 190.0 188
135.9174 191.0 188
136.2140 193.0 188
136.4996 194.0 188
136.8567 195.0 188
137.1368 196.0 188
137.4335 198.0 188
137.7136 199.0 188
138.0103 200.0 188
138.3124 202.0 188
138.6530 203.0 188
138.9331 204.0 188
139.2297 206.0 188
139.5154 207.0 188
139.8120 209.0 188
140.1086 211.0 188
140.3888 212.0 188
140.6854 214.0 188
140.9656 216.0 188
141.3281 217.0 188
141.6083 218.0 188
141.9049 220.0 188
142.2455 221.0 188
142.4817 224.0 188
142.7618 226.0 188
143.0585 228.0 188
143.3551 230.0 188
143.6353 232.0 188
143.9813 234.0 188
144.2780 235.0 188
144.5746 237.0 188
144.8547 239.0 188
145.2008 241.0 188
145.4370 244.0 188
145.7336 246.0 188
146.0742 248.0 188
146.3708 250.0 188
146.6510 252.0 188
146.9531 254.0 188
147.2333 257.0 188
147.5299 259.0 188
147.8265 262.0 188
148.1067 265.0 188
148.4528 267.0 188
148.7494 270.0 188
149.0460 273.0 188
149.3262 275.0 188
149.6228 278.0 188
149.9030 281.0 188
150.1996 284.0 188
150.4962 286.0 188
150.8423 289.0 188
151.0730 293.0 188
151.4191 296.0 188
151.6992 299.0 188
151.9958 303.0 188
152.2925 307.0 188
152.5781 310.0 188
152.8748 313.0 188
153.1549 316.0 188
153.4515 321.0 188
153.7317 325.0 188
154.0283 329.0 188
154.3250 333.0 188
154.6051 337.0 188
154.9512 341.0 188
155.2478 345.0 188
155.5444 349.0 188
155.8246 354.0 188
156.1212 358.0 188
156.4014 363.0 188
156.6980 369.0 188
156.9836 375.0 188
157.2803 379.0 188
157.6208 383.0 188
157.9175 387.0 188
158.2031 393.0 188
158.4998 400.0 188
158.7799 406.0 188
159.0765 413.0 188
159.3732 418.0 188
159.6533 425.0 188
159.9500 432.0 188
160.2301 440.0 188
160.5927 447.0 188
160.8728 454.0 188
161.1694 463.0 188
161.4496 470.0 188
161.7462 477.0 188
162.0264 486.0 188
162.3230 495.0 188
162.6196 505.0 188
162.9053 514.0 188
163.2019 524.0 188
163.5425 534.0 188
163.8281 546.0 188
164.1248 556.0 188
164.4214 566.0 188
164.7015 580.0 188
164.9982 592.0 188
165.2783 604.0 188
165.5750 616.0 188
165.8716 632.0 188
166.8878 556.0 188
167.2449 548.0 188
167.6404 542.0 188
168.0469 534.0 188
168.3875 534.0 188
168.7335 532.0 188
169.0906 528.0 188
169.4366 526.0 188
169.8431 522.0 188
170.1837 520.0 188
170.5298 518.0 188
170.8704 518.0 188
171.2164 516.0 188
171.5625 514.0 188
171.9196 514.0 188
172.2656 514.0 188
172.6062 514.0 188
172.9523 516.0 188
173.2928 516.0 188
173.6389 514.0 188
173.9960 514.0 188
174.3860 512.0 188
174.7321 512.0 188
175.0891 512.0 188
175.4352 512.0 188
175.7813 512.0 188
176.1218 512.0 188
176.4679 512.0 188
176.7645 514.0 188
177.1051 514.0 188
177.5116 512.0 188
177.8577 512.0 188
178.1982 512.0 188
178.5443 512.0 188
178.8904 512.0 188
179.2474 512.0 188
179.5935 512.0 188
179.9341 512.0 188
180.2142 514.0 188
180.5768 514.0 188
180.9668 512.0 188
181.3239 512.0 188
181.6040 514.0 188
181.9501 514.0 188
182.3071 516.0 188
182.6532 516.0 188
182.9993 516.0 188
183.3398 518.0 188
183.6859 520.0 188
184.0430 522.0 188
184.3231 524.0 188
184.6692 524.0 188
185.0262 526.0 188
185.3723 528.0 188
185.7184 532.0 188
185.9985 540.0 188
186.3556 546.0 188
186.6357 556.0 188
186.9324 564.0 188
189.0747 558.0 188
190.4480 488.0 188
191.6510 459.0 188
192.1674 434.0 188
192.9639 423.0 188
193.4802 400.0 188
194.3591 380.0 188
194.8096 372.0 188
195.2161 363.0 188
195.6665 355.0 188
196.0730 347.0 188
196.5289 339.0 188
196.9958 332.0 188
197.3859 325.0 188
197.8583 319.0 188
198.2648 312.0 188
198.7152 305.0 188
199.1711 299.0 188
199.5776 294.0 188
200.0281 289.0 188
200.4346 283.0 188
200.9015 277.0 188
201.3574 273.0 188
201.7639 268.0 188
202.2144 264.0 188
202.6208 260.0 188
203.0768 256.0 188
203.4833 251.0 188
203.9337 247.0 188
204.4061 243.0 188
204.8071 240.0 188
205.2631 236.0 188
205.6696 233.0 188
206.1200 229.0 188
206.5265 226.0 188
206.9824 223.0 188
207.3889 221.0 188
207.8558 217.0 188
208.2458 214.0 188
208.6523 212.0 188
209.1248 209.0 188
209.5752 206.0 188
210.0311 203.0 188
210.4321 201.0 188
210.8386 199.0 188
211.2946 196.0 188
211.7010 194.0 188
212.1680 192.0 188
212.5580 190.0 188
212.9645 188.0 188
213.4369 186.0 188
213.8269 184.0 188
214.2938 182.0 188
214.7003 180.0 188
215.0903 179.0 188
215.4968 177.0 188
215.9637 175.0 188
216.3593 174.0 188
216.7603 172.0 188
217.1667 171.0 188
217.6227 169.0 188
218.0292 168.0 188
218.4961 166.0 188
218.8861 164.0 188
219.2926 163.0 188
219.6991 162.0 188
220.1056 161.0 188
220.5121 160.0 188
220.9680 158.0 188
221.3745 157.0 188
221.7810 156.0 188
222.2314 154.0 188
222.6379 153.0 188
223.0444 152.0 188
223.4509 151.0 188
223.8574 150.0 188
224.3079 149.0 188
224.7144 148.0 188
225.1208 147.0 188
225.5273 146.0 188
225.9174 145.0 188
226.3239 144.0 188
226.7303 143.0 188
227.1863 142.0 188
227.5928 141.0 188
227.9498 141.0 188
228.3398 140.0 188
228.7463 139.0 188
229.2188 138.0 188
229.6198 137.0 188
230.0153 136.0 188
230.3723 136.0 188
230.8228 135.0 188
231.1688 135.0 188
231.5753 134.0 188
231.9818 133.0 188
232.3279 133.0 188
232.7948 132.0 188
233.2013 131.0 188
233.5419 131.0 188
233.9978 130.0 188
234.3384 130.0 188
234.7009 130.0 188
235.0909 129.0 188
235.4480 129.0 188
235.7941 129.0 188
236.1401 129.0 188
236.6071 128.0 188
236.9531 128.0 188
237.2937 128.0 188
237.7002 127.0 188
238.0463 127.0 188
238.3868 127.0 188
238.7494 127.0 188
239.0900 127.0 188
239.5459 126.0 188
239.8865 126.0 188
240.2490 126.0 188
240.5896 126.0 188
240.9357 126.0 188
241.2762 126.0 188
241.6827 125.0 188
242.0288 125.0 188
242.3859 125.0 188
242.7319 125.0 188
243.0780 125.0 188
243.4186 125.0 188
243.8855 124.0 188
244.2316 124.0 188
244.5776 124.0 188
244.9182 124.0 188
245.2643 124.0 188
245.6213 124.0 188
