#RPLIDAR SCAN DATA
#COUNT=535
#Angule	Distance	Quality
49.1858 124.0 188
49.5264 124.0 188
49.8724 124.0 188
50.2185 124.0 188
50.5591 124.0 188
50.9052 124.0 188
51.2457 124.0 188
51.4819 125.0 188
51.8390 125.0 188
52.1851 125.0 188
52.5311 125.0 188
52.8717 125.0 188
53.1519 126.0 188
53.5144 126.0 188
53.8550 126.0 188
54.2010 126.0 188
54.4373 127.0 188
54.7778 127.0 188
55.1239 127.0 188
55.4645 127.0 188
55.8105 127.0 188
56.1072 128.0 188
56.4478 128.0 188
56.7938 128.0 188
57.1399 128.0 188
57.3706 129.0 188
57.7167 129.0 188
58.0737 129.0 188
58.4198 129.0 188
58.7604 129.0 188
59.0460 130.0 188
59.4031 130.0 188
59.7491 130.0 188
60.0897 130.0 188
60.3259 131.0 188
60.6665 131.0 188
61.0126 131.0 188
61.3092 132.0 188
61.6553 132.0 188
61.9958 132.0 188
62.2321 133.0 188
62.5781 133.0 188
62.8583 134.0 188
63.1549 135.0 188
63.4955 135.0 188
63.7317 136.0 188
64.0283 137.0 188
64.3085 138.0 188
64.6545 138.0 188
64.8853 139.0 188
65.2313 139.0 188
65.5280 140.0 188
65.8740 140.0 188
66.1542 141.0 188
66.4508 142.0 188
66.6870 143.0 188
66.9672 144.0 188
67.2638 145.0 188
67.5439 146.0 188
67.9010 146.0 188
68.1866 147.0 188
68.5272 147.0 188
68.7634 149.0 188
68.9996 150.0 188
69.2963 151.0 188
69.5764 152.0 188
69.8730 153.0 188
70.2136 153.0 188
70.4993 154.0 188
70.7959 155.0 188
71.0760 156.0 188
71.3727 157.0 188
71.6528 158.0 188
71.9495 159.0 188
72.2296 160.0 188
72.5262 161.0 188
72.8119 162.0 188
73.1085 163.0 188
73.3887 164.0 188
73.7292 165.0 188
73.9655 167.0 188
74.2456 168.0 188
74.5422 169.0 188
74.8279 170.0 188
75.1080 171.0 188
75.4047 172.0 188
75.7452 173.0 188
75.9650 175.0 188
76.2616 176.0 188
76.5417 177.0 188
76.8384 179.0 188
77.1240 180.0 188
77.4042 182.0 188
77.7008 183.0 188
77.9370 185.0 188
78.2776 186.0 188
78.5577 187.0 188
78.8434 188.0 188
79.1400 190.0 188
79.4202 192.0 188
79.7003 193.0 188
79.9969 195.0 188
80.2332 197.0 188
80.5737 198.0 188
80.7935 200.0 188
81.0901 202.0 188
81.4362 203.0 188
81.6669 206.0 188
81.9525 208.0 188
82.2327 210.0 188
82.4634 212.0 188
82.7655 214.0 188
83.0457 216.0 188
83.3258 218.0 188
83.6224 220.0 188
83.9026 222.0 188
84.1992 225.0 188
84.4794 227.0 188
84.7156 230.0 188
84.9957 232.0 188
85.2924 235.0 188
85.5780 237.0 188
85.8582 240.0 188
86.1548 242.0 188
86.4349 245.0 188
86.7316 248.0 188
86.9513 251.0 188
87.2479 254.0 188
87.5885 256.0 188
87.8247 260.0 188
88.1049 263.0 188
88.3905 266.0 188
88.6871 270.0 188
88.9673 272.0 188
89.2639 275.0 188
89.5441 279.0 188
89.7803 283.0 188
90.0604 287.0 188
90.3571 290.0 188
90.6372 295.0 188
90.9174 299.0 188
91.2140 303.0 188
91.4996 307.0 188
91.7303 312.0 188
92.0105 316.0 188
92.3071 321.0 188
92.5928 326.0 188
92.8894 331.0 188
93.1696 336.0 188
93.4662 341.0 188
93.6859 347.0 188
93.9825 352.0 188
94.2627 357.0 188
94.5593 363.0 188
94.8395 369.0 188
95.1196 376.0 188
95.4218 382.0 188
95.7019 388.0 188
95.9985 395.0 188
96.2787 402.0 188
96.5753 409.0 188
96.7950 417.0 188
97.0917 425.0 188
97.3718 433.0 188
97.6685 441.0 188
97.9486 450.0 188
98.2343 459.0 188
98.5309 469.0 188
99.1516 479.0 188
100.8105 360.0 188
101.1511 359.0 188
101.4972 359.0 188
101.8433 359.0 188
102.1838 358.0 188
102.5903 354.0 188
102.9968 349.0 188
103.3429 347.0 188
103.6835 347.0 188
104.0460 348.0 188
104.3866 349.0 188
104.7327 349.0 188
105.0732 347.0 188
105.4797 345.0 188
105.8258 345.0 188
106.1719 344.0 188
106.5289 344.0 188
106.8750 344.0 188
107.2156 344.0 188
107.5616 345.0 188
107.9022 346.0 188
108.1989 347.0 188
108.5449 347.0 188
108.9514 346.0 188
109.2920 344.0 188
109.6381 343.0 188
109.9841 344.0 188
110.3412 344.0 188
110.6873 346.0 188
110.9674 347.0 188
111.3739 345.0 188
111.7145 343.0 188
112.0770 342.0 188
112.4176 342.0 188
112.7637 343.0 188
113.1042 343.0 188
113.4503 343.0 188
113.8074 343.0 188
114.1534 343.0 188
114.4995 343.0 188
114.8401 346.0 188
115.1367 348.0 188
115.4828 347.0 188
115.8893 345.0 188
116.2299 345.0 188
116.5265 349.0 188
116.8121 353.0 188
117.1527 353.0 188
117.5153 354.0 188
117.8558 354.0 188
118.2019 354.0 188
118.5425 354.0 188
118.8885 354.0 188
119.2456 354.0 188
119.5917 355.0 188
119.9323 355.0 188
120.2783 355.0 188
120.6244 355.0 188
120.9210 357.0 188
123.4039 642.0 188
125.8704 542.0 188
126.3867 510.0 188
126.7932 497.0 188
127.1997 483.0 188
127.6556 470.0 188
128.0621 457.0 188
128.5126 446.0 188
128.9191 435.0 188
129.3256 424.0 188
129.7760 414.0 188
130.1825 405.0 188
130.6384 396.0 188
131.0449 387.0 188
131.4954 378.0 188
131.9019 370.0 188
132.3083 363.0 188
132.7643 355.0 188
133.1708 348.0 188
133.6377 341.0 188
134.0277 335.0 188
134.4342 328.0 188
134.8901 322.0 188
135.2966 316.0 188
135.7471 311.0 188
136.1536 305.0 188
136.5436 300.0 188
137.0105 294.0 188
137.4060 290.0 188
137.8564 285.0 188
138.2629 280.0 188
138.7134 276.0 188
139.1199 272.0 188
139.5264 268.0 188
139.9823 264.0 188
140.3888 260.0 188
140.8392 256.0 188
141.2457 252.0 188
141.6357 249.0 188
142.0422 246.0 188
142.4982 243.0 188
142.9047 239.0 188
143.3551 236.0 188
143.7616 233.0 188
144.1516 230.0 188
144.6240 227.0 188
145.0140 224.0 188
145.4645 221.0 188
145.8710 218.0 188
146.2775 216.0 188
146.6840 214.0 188
147.1399 211.0 188
147.5299 209.0 188
147.9364 207.0 188
148.3429 205.0 188
148.7933 202.0 188
149.1998 200.0 188
149.6558 198.0 188
150.0623 196.0 188
150.4523 194.0 188
150.9192 192.0 188
151.2653 191.0 188
151.7157 189.0 188
152.1222 187.0 188
152.5122 186.0 188
152.9187 184.0 188
153.3746 182.0 188
153.7811 180.0 188
154.1821 179.0 188
154.5776 178.0 188
154.9841 176.0 188
155.3906 175.0 188
155.8411 173.0 188
156.1871 172.0 188
156.5936 171.0 188
157.0441 169.0 188
157.4506 168.0 188
157.8406 167.0 188
158.2471 166.0 188
158.6536 165.0 188
158.9996 164.0 188
159.4501 162.0 188
159.7961 162.0 188
160.2466 160.0 188
160.6531 159.0 188
161.0596 158.0 188
161.4496 157.0 188
161.8561 156.0 188
162.2626 155.0 188
162.6691 154.0 188
163.0591 153.0 188
163.4052 153.0 188
163.8116 152.0 188
164.2181 151.0 188
164.6082 150.0 188
165.1245 148.0 188
165.4651 148.0 188
165.8716 147.0 188
166.2781 146.0 188
166.6681 145.0 188
167.0306 145.0 188
167.4207 144.0 188
167.7612 144.0 188
168.1677 143.0 188
168.6237 142.0 188
169.0302 141.0 188
169.3707 141.0 188
169.7772 140.0 188
170.1233 140.0 188
170.5133 139.0 188
170.9802 138.0 188
171.3263 138.0 188
171.7328 137.0 188
172.1228 136.0 188
172.4634 136.0 188
172.9358 135.0 188
173.2764 135.0 188
173.6719 134.0 188
174.0289 134.0 188
174.4189 133.0 188
174.7650 133.0 188
175.1056 133.0 188
175.5780 132.0 188
175.9186 132.0 188
176.2646 132.0 188
176.6052 132.0 188
176.9513 132.0 188
177.3578 131.0 188
177.6984 131.0 188
178.0444 131.0 188
178.3905 131.0 188
178.7311 131.0 188
179.1870 130.0 188
179.5276 130.0 188
179.8901 130.0 188
180.2307 130.0 188
180.5768 130.0 188
180.9174 130.0 188
181.3074 129.0 188
181.6699 129.0 188
182.0105 129.0 188
182.3566 129.0 188
182.7026 129.0 188
183.0432 129.0 188
183.4991 128.0 188
183.8397 128.0 188
184.1858 128.0 188
184.5264 128.0 188
184.8724 128.0 188
185.2295 128.0 188
185.5756 128.0 188
185.9216 128.0 188
186.3116 127.0 188
186.6522 127.0 188
187.0148 127.0 188
187.3553 127.0 188
187.7014 127.0 188
188.0420 127.0 188
188.3881 127.0 188
188.7341 127.0 188
189.0747 127.0 188
189.5306 126.0 188
189.8712 126.0 188
190.2173 126.0 188
190.5743 126.0 188
190.9204 126.0 188
191.2610 126.0 188
191.6071 126.0 188
191.9531 126.0 188
192.2937 126.0 188
192.6398 126.0 188
192.9803 126.0 188
193.3264 126.0 188
193.6670 126.0 188
194.0131 126.0 188
194.3591 126.0 188
194.7656 125.0 188
195.1062 125.0 188
195.4523 125.0 188
195.7928 125.0 188
196.1389 125.0 188
196.4795 125.0 188
196.8256 125.0 188
197.1826 125.0 188
197.5287 125.0 188
197.8748 125.0 188
198.2153 125.0 188
198.5614 125.0 188
198.9020 125.0 188
199.2480 125.0 188
199.5886 125.0 188
199.9347 125.0 188
200.2808 125.0 188
200.6213 125.0 188
200.9674 125.0 188
201.3080 125.0 188
201.6705 125.0 188
202.0111 125.0 188
202.3572 125.0 188
202.6978 125.0 188
203.0438 125.0 188
203.3899 125.0 188
203.7305 125.0 188
204.0765 125.0 188
204.4171 125.0 188
204.7632 125.0 188
205.1093 125.0 188
205.4498 125.0 188
205.7959 125.0 188
206.1365 125.0 188
206.4990 125.0 188
206.8396 125.0 188
207.1857 125.0 188
207.5262 125.0 188
207.8723 125.0 188
208.2184 125.0 188
208.5590 125.0 188
208.9050 125.0 188
209.2621 125.0 188
209.6082 125.0 188
209.8883 126.0 188
210.2344 126.0 188
210.5750 126.0 188
210.9375 126.0 188
211.2781 126.0 188
211.6241 126.0 188
211.9647 126.0 188
212.3108 126.0 188
212.6514 126.0 188
212.9974 126.0 188
213.3435 126.0 188
213.7006 126.0 188
214.0466 126.0 188
214.3872 126.0 188
214.7333 126.0 188
215.0739 126.0 188
215.4199 126.0 188
215.7605 126.0 188
215.9967 127.0 188
216.3428 127.0 188
216.6833 127.0 188
217.0294 127.0 188
217.3865 127.0 188
217.7325 127.0 188
218.0731 127.0 188
218.4192 127.0 188
218.7653 127.0 188
219.1058 127.0 188
219.4025 128.0 188
219.7485 128.0 188
220.0891 128.0 188
220.4352 128.0 188
220.7813 128.0 188
221.1218 128.0 188
221.4679 128.0 188
221.8250 128.0 188
222.1710 128.0 188
222.4017 129.0 188
222.7478 129.0 188
223.0884 129.0 188
223.4344 129.0 188
223.7805 129.0 188
224.1211 129.0 188
224.4672 129.0 188
224.7638 130.0 188
225.1044 130.0 188
225.4504 130.0 188
225.7965 130.0 188
226.1371 130.0 188
226.4832 130.0 188
226.8402 130.0 188
227.0599 131.0 188
228.0432 132.0 188
229.1089 157.0 188
229.5758 155.0 188
230.0922 152.0 188
230.5426 150.0 188
231.1249 147.0 188
231.5753 145.0 188
232.1521 142.0 188
232.6080 140.0 188
233.1244 138.0 188
233.5748 136.0 188
234.0912 134.0 188
234.4977 133.0 188
234.9646 132.0 188
235.3107 132.0 188
235.7007 131.0 188
236.2335 129.0 188
236.5741 129.0 188
237.0300 128.0 188
237.4365 127.0 188
237.7771 127.0 188
238.2330 126.0 188
238.9801 125.0 188
344.7015 124.0 188
345.0421 124.0 188
345.3882 124.0 188
345.7343 124.0 188
345.9485 125.0 188
346.2946 125.0 188
346.5912 126.0 188
346.9373 126.0 188
347.1680 127.0 188
347.5140 127.0 188
347.7942 128.0 188
348.4808 128.0 188
