#RPLIDAR SCAN DATA
#COUNT=847
#Angule	Distance	Quality
3.0432 124.0 188
3.4058 124.0 188
3.7463 124.0 188
4.0924 124.0 188
4.4495 124.0 188
4.7955 124.0 188
5.1361 124.0 188
5.4987 124.0 188
5.8392 124.0 188
6.1853 124.0 188
6.5424 124.0 188
6.8884 124.0 188
7.2290 124.0 188
7.5751 124.0 188
7.9321 124.0 188
8.1683 125.0 188
8.5144 125.0 188
8.8550 125.0 188
9.2175 125.0 188
9.5581 125.0 188
9.9042 125.0 188
10.2612 125.0 188
10.6073 125.0 188
10.9479 125.0 188
11.3104 125.0 188
11.6510 125.0 188
11.9971 125.0 188
12.3541 125.0 188
12.7002 125.0 188
13.0463 125.0 188
13.3868 125.0 188
13.7494 125.0 188
14.0900 125.0 188
14.3866 126.0 188
14.7327 126.0 188
15.0732 126.0 188
15.4358 126.0 188
15.7764 126.0 188
16.1224 126.0 188
16.4685 126.0 188
16.8256 126.0 188
17.1716 126.0 188
17.5122 126.0 188
17.8748 126.0 188
18.2153 126.0 188
18.4515 127.0 188
18.7921 127.0 188
19.1382 127.0 188
19.4952 127.0 188
19.8413 127.0 188
20.1874 127.0 188
20.5444 127.0 188
20.8905 127.0 188
21.2311 127.0 188
21.5277 128.0 188
21.8738 128.0 188
22.2144 128.0 188
22.5769 128.0 188
22.9175 128.0 188
23.2635 128.0 188
23.6206 128.0 188
23.9667 128.0 188
24.2029 129.0 188
24.5435 129.0 188
24.8895 129.0 188
25.2466 129.0 188
25.5927 129.0 188
25.8893 130.0 188
26.2299 130.0 188
26.5759 130.0 188
26.9330 130.0 188
27.1692 131.0 188
27.5153 131.0 188
27.8558 131.0 188
28.2019 131.0 188
28.5590 131.0 188
28.8391 132.0 188
29.2017 132.0 188
29.5422 132.0 188
29.8883 132.0 188
30.2454 132.0 188
30.4816 133.0 188
30.8276 133.0 188
31.1078 134.0 188
31.4648 134.0 188
31.8109 134.0 188
32.1075 135.0 188
32.4481 135.0 188
32.6843 136.0 188
33.0304 136.0 188
33.3270 137.0 188
33.6676 137.0 188
33.9642 138.0 188
34.3103 138.0 188
34.5465 139.0 188
34.8431 140.0 188
35.1837 140.0 188
35.4803 141.0 188
35.8264 141.0 188
36.1230 142.0 188
36.4636 142.0 188
36.6998 143.0 188
37.0459 143.0 188
37.3425 144.0 188
37.6392 145.0 188
37.9797 145.0 188
38.2764 146.0 188
38.5620 147.0 188
38.9191 147.0 188
39.1992 148.0 188
39.5618 148.0 188
39.8419 149.0 188
40.0781 150.0 188
40.3748 151.0 188
40.7153 151.0 188
41.0120 152.0 188
41.3086 153.0 188
41.5887 154.0 188
41.9513 154.0 188
42.2314 155.0 188
42.5281 156.0 188
42.8247 157.0 188
43.1708 157.0 188
43.4674 158.0 188
43.7640 159.0 188
44.0442 160.0 188
44.3408 161.0 188
44.6375 162.0 188
44.9835 162.0 188
45.2802 163.0 188
45.5768 164.0 188
45.9174 165.0 188
46.2140 166.0 188
46.5106 167.0 188
46.8073 168.0 188
47.1094 169.0 188
47.3895 170.0 188
47.6862 171.0 188
47.9828 172.0 188
48.3234 173.0 188
48.6200 174.0 188
48.9166 175.0 188
49.2188 176.0 188
49.5154 178.0 188
49.7955 179.0 188
50.0922 180.0 188
50.3888 181.0 188
50.7294 182.0 188
51.0260 183.0 188
51.2622 185.0 188
51.6248 186.0 188
51.9049 187.0 188
52.2015 188.0 188
52.4982 190.0 188
52.7948 191.0 188
53.1354 192.0 188
53.3716 194.0 188
53.7341 195.0 188
53.9648 197.0 188
54.3109 198.0 188
54.5581 200.0 188
54.9042 201.0 188
55.2008 203.0 188
55.4974 204.0 188
55.7776 206.0 188
56.0742 208.0 188
56.3708 210.0 188
56.6675 211.0 188
56.9641 213.0 188
57.2607 215.0 188
57.5464 217.0 188
57.8430 219.0 188
58.1396 220.0 188
58.4363 222.0 188
58.7329 225.0 188
59.0131 227.0 188
59.3097 229.0 188
59.6063 231.0 188
59.9030 233.0 188
60.1996 236.0 188
60.4797 238.0 188
60.7764 240.0 188
61.0730 242.0 188
61.3696 245.0 188
61.6718 247.0 188
61.9519 250.0 188
62.2485 252.0 188
62.5452 255.0 188
62.8418 258.0 188
63.1384 261.0 188
63.4186 264.0 188
63.7152 266.0 188
64.0118 269.0 188
64.3085 272.0 188
64.6051 275.0 188
64.8853 278.0 188
65.1874 282.0 188
65.4840 285.0 188
65.7806 288.0 188
66.0773 292.0 188
66.3739 296.0 188
66.6541 299.0 188
66.9507 303.0 188
67.2473 307.0 188
67.5439 310.0 188
67.8406 315.0 188
68.1207 319.0 188
68.4174 323.0 188
68.7140 327.0 188
69.0106 332.0 188
69.3073 336.0 188
69.5929 341.0 188
69.8895 346.0 188
70.1862 350.0 188
70.4828 355.0 188
70.7794 361.0 188
71.0760 366.0 188
71.3562 372.0 188
71.6528 377.0 188
71.9495 383.0 188
72.2461 389.0 188
72.5262 395.0 188
72.8229 402.0 188
73.1250 408.0 188
73.4216 415.0 188
73.7018 422.0 188
73.9984 430.0 188
74.2950 438.0 188
74.5917 446.0 188
74.8718 454.0 188
75.1685 462.0 188
75.4651 470.0 188
75.7617 479.0 188
76.0419 489.0 188
76.3385 500.0 188
76.6406 511.0 188
76.9373 520.0 188
77.2174 532.0 188
77.5140 544.0 188
77.8107 556.0 188
78.1073 568.0 188
78.4039 580.0 188
78.6841 596.0 188
78.9807 610.0 188
79.2773 626.0 188
79.5740 642.0 188
79.8541 658.0 188
80.1563 678.0 188
80.4529 696.0 188
80.7495 716.0 188
81.8262 596.0 188
82.1832 588.0 188
82.5897 582.0 188
82.9358 574.0 188
83.3423 570.0 188
83.6829 568.0 188
84.0454 566.0 188
84.3860 564.0 188
84.7321 562.0 188
85.0891 562.0 188
85.4352 560.0 188
85.7813 560.0 188
86.1383 560.0 188
86.4844 560.0 188
86.8250 560.0 188
87.1875 560.0 188
87.5281 560.0 188
87.9346 556.0 188
88.2806 558.0 188
88.6377 558.0 188
88.9838 558.0 188
89.3243 558.0 188
89.6869 558.0 188
90.0275 558.0 188
90.3735 558.0 188
90.6702 560.0 188
91.0107 560.0 188
91.4172 558.0 188
91.7798 558.0 188
92.1204 558.0 188
92.4664 558.0 188
92.8235 558.0 188
93.1696 558.0 188
93.5156 558.0 188
93.8123 562.0 188
94.1693 564.0 188
94.5154 562.0 188
94.8560 560.0 188
95.2185 562.0 188
95.5591 562.0 188
95.9052 562.0 188
96.2622 564.0 188
96.6083 564.0 188
96.9489 566.0 188
97.3114 568.0 188
97.6520 568.0 188
97.9980 570.0 188
98.2947 572.0 188
98.6353 574.0 188
98.9978 578.0 188
99.2944 586.0 188
99.6405 594.0 188
99.9371 602.0 188
100.8710 646.0 188
102.1399 582.0 188
103.3594 546.0 188
103.8702 512.0 188
104.2767 499.0 188
104.6832 485.0 188
105.1392 472.0 188
105.5457 458.0 188
105.9961 446.0 188
106.4026 434.0 188
106.8750 423.0 188
107.2760 414.0 188
107.6825 404.0 188
108.1384 394.0 188
108.5449 385.0 188
108.9954 377.0 188
109.4019 369.0 188
109.8083 362.0 188
110.2808 354.0 188
110.6873 347.0 188
111.1377 340.0 188
111.5442 333.0 188
112.0111 327.0 188
112.4011 321.0 188
112.8735 315.0 188
113.2800 310.0 188
113.6865 304.0 188
114.1370 299.0 188
114.5435 294.0 188
115.0104 289.0 188
115.4169 284.0 188
115.8124 280.0 188
116.2793 276.0 188
116.6858 271.0 188
117.1362 267.0 188
117.5427 263.0 188
117.9492 259.0 188
118.4216 255.0 188
118.8281 251.0 188
119.2786 248.0 188
119.6851 244.0 188
120.1520 241.0 188
120.5420 238.0 188
120.9485 235.0 188
121.4209 231.0 188
121.8274 229.0 188
122.2339 226.0 188
122.6843 223.0 188
123.0908 220.0 188
123.5577 217.0 188
123.9642 215.0 188
124.3542 213.0 188
124.8267 210.0 188
125.2332 208.0 188
125.6396 206.0 188
126.0901 203.0 188
126.4966 201.0 188
126.9031 199.0 188
127.3096 197.0 188
127.7765 195.0 188
128.1830 193.0 188
128.5895 191.0 188
128.9795 190.0 188
129.3860 188.0 188
129.8584 186.0 188
130.2649 184.0 188
130.6714 183.0 188
131.0779 181.0 188
131.4844 180.0 188
131.9348 178.0 188
132.2809 177.0 188
132.7478 175.0 188
133.1543 174.0 188
133.5608 172.0 188
133.9673 171.0 188
134.3738 170.0 188
134.7803 169.0 188
135.1868 168.0 188
135.6372 166.0 188
136.0437 165.0 188
136.3898 164.0 188
136.8567 162.0 188
137.2632 161.0 188
137.6697 160.0 188
138.0762 159.0 188
138.4827 158.0 188
138.8892 157.0 188
139.2792 156.0 188
139.6857 155.0 188
140.0922 154.0 188
140.4987 153.0 188
140.9052 152.0 188
141.3116 151.0 188
141.6522 151.0 188
142.0587 150.0 188
142.5311 149.0 188
142.9321 148.0 188
143.3386 147.0 188
143.7451 146.0 188
144.1516 145.0 188
144.4977 145.0 188
144.9042 144.0 188
145.3107 143.0 188
145.6512 143.0 188
146.1237 142.0 188
146.5302 141.0 188
146.9366 140.0 188
147.2772 140.0 188
147.6837 139.0 188
148.0298 139.0 188
148.4967 138.0 188
148.9032 137.0 188
149.2493 137.0 188
149.6558 136.0 188
150.1227 135.0 188
150.4688 135.0 188
150.8093 135.0 188
151.2158 134.0 188
151.5729 134.0 188
151.9794 133.0 188
152.3254 133.0 188
152.6715 133.0 188
153.0286 133.0 188
153.4790 132.0 188
153.8416 132.0 188
154.1821 132.0 188
154.5282 132.0 188
154.9347 131.0 188
155.2917 131.0 188
155.6378 131.0 188
155.9839 131.0 188
156.3409 131.0 188
156.7969 130.0 188
157.1375 130.0 188
157.5000 130.0 188
157.8406 130.0 188
158.1866 130.0 188
158.5437 130.0 188
158.9502 129.0 188
159.2963 129.0 188
159.6368 129.0 188
159.9994 129.0 188
160.3400 129.0 188
160.6860 129.0 188
161.1530 128.0 188
161.4990 128.0 188
161.8561 128.0 188
162.2021 128.0 188
162.5427 128.0 188
162.9053 128.0 188
163.2458 128.0 188
163.6523 127.0 188
163.9984 127.0 188
164.3390 127.0 188
164.7015 127.0 188
165.0421 127.0 188
165.3882 127.0 188
165.7452 127.0 188
166.0913 127.0 188
166.4374 127.0 188
166.7944 127.0 188
167.2449 126.0 188
167.6074 126.0 188
167.9480 126.0 188
168.2941 126.0 188
168.6511 126.0 188
168.9972 126.0 188
169.3433 126.0 188
169.7003 126.0 188
170.0464 126.0 188
170.3870 126.0 188
170.7495 126.0 188
171.0901 126.0 188
171.4362 126.0 188
171.8427 125.0 188
172.1832 125.0 188
172.5458 125.0 188
172.8864 125.0 188
173.2324 125.0 188
173.5895 125.0 188
173.9355 125.0 188
174.2761 125.0 188
174.6387 125.0 188
174.9792 125.0 188
175.3253 125.0 188
175.6824 125.0 188
176.0284 125.0 188
176.3745 125.0 188
176.7316 125.0 188
177.0776 125.0 188
177.4182 125.0 188
177.7808 125.0 188
178.1213 125.0 188
178.4674 125.0 188
178.8245 125.0 188
179.1705 125.0 188
179.5111 125.0 188
179.8737 125.0 188
180.2142 125.0 188
180.5603 125.0 188
180.9174 125.0 188
181.2634 125.0 188
181.6040 125.0 188
181.9666 125.0 188
182.3071 125.0 188
182.6697 125.0 188
183.0103 125.0 188
183.3563 125.0 188
183.7134 125.0 188
184.0594 125.0 188
184.4055 125.0 188
184.7626 125.0 188
185.1086 125.0 188
185.4492 125.0 188
185.8118 125.0 188
186.1523 125.0 188
186.4984 125.0 188
186.8555 125.0 188
187.2015 125.0 188
187.5421 125.0 188
187.9047 125.0 188
188.2452 125.0 188
188.6078 125.0 188
188.8879 126.0 188
189.2450 126.0 188
189.5911 126.0 188
189.9371 126.0 188
190.2942 126.0 188
190.6403 126.0 188
190.9808 126.0 188
191.3434 126.0 188
191.6840 126.0 188
192.0300 126.0 188
192.3871 126.0 188
192.7332 126.0 188
193.0902 126.0 188
193.4363 126.0 188
193.6670 127.0 188
194.0131 127.0 188
194.3701 127.0 188
194.7162 127.0 188
195.0623 127.0 188
195.4193 127.0 188
195.7654 127.0 188
196.1060 127.0 188
196.4685 127.0 188
196.8091 127.0 188
197.1057 128.0 188
197.4518 128.0 188
197.8088 128.0 188
198.1549 128.0 188
198.4955 128.0 188
198.8580 128.0 188
199.1986 128.0 188
199.5447 128.0 188
199.9017 128.0 188
200.1379 129.0 188
200.4840 129.0 188
200.8246 129.0 188
201.1871 129.0 188
201.5277 129.0 188
201.8738 129.0 188
202.2308 129.0 188
202.5275 130.0 188
202.8735 130.0 188
203.2141 130.0 188
203.5767 130.0 188
203.9172 130.0 188
204.2633 130.0 188
204.4995 131.0 188
204.8566 131.0 188
205.2026 131.0 188
205.5432 131.0 188
205.9058 131.0 188
206.2463 131.0 188
206.5430 132.0 188
206.8890 132.0 188
207.2461 132.0 188
207.5922 132.0 188
207.9327 132.0 188
208.1689 133.0 188
208.5260 133.0 188
208.8721 133.0 188
209.1687 134.0 188
209.5148 134.0 188
209.8114 135.0 188
210.1520 135.0 188
210.3882 136.0 188
210.7452 136.0 188
211.0913 136.0 188
211.3879 137.0 188
211.6681 138.0 188
212.0306 138.0 188
212.2614 139.0 188
212.6074 139.0 188
212.9041 140.0 188
213.2446 140.0 188
213.5468 141.0 188
213.8873 141.0 188
214.1840 142.0 188
214.5300 142.0 188
214.7772 143.0 188
215.0574 144.0 188
215.4199 144.0 188
215.7001 145.0 188
216.0571 145.0 188
216.3428 146.0 188
216.6998 146.0 188
216.9965 147.0 188
217.2766 148.0 188
217.5732 149.0 188
217.9193 149.0 188
218.1555 150.0 188
218.4521 151.0 188
218.8092 151.0 188
219.0894 152.0 188
219.4519 152.0 188
219.7321 153.0 188
220.0287 154.0 188
220.6714 155.0 188
221.7151 155.0 188
221.6217 163.0 188
221.9019 164.0 188
222.2644 164.0 188
222.6709 163.0 188
223.0774 162.0 188
223.5938 159.0 188
224.6979 158.0 188
233.5583 135.0 188
233.9648 134.0 188
234.3109 134.0 188
234.7174 133.0 188
235.0745 133.0 188
235.7611 133.0 188
238.0298 127.0 188
238.3264 128.0 188
238.6670 128.0 188
238.9032 129.0 188
239.2493 129.0 188
239.6063 129.0 188
239.9524 129.0 188
240.4193 128.0 188
240.7654 128.0 188
241.1060 128.0 188
241.4685 128.0 188
241.8750 127.0 188
242.2156 127.0 188
242.5781 127.0 188
242.9187 127.0 188
243.2648 127.0 188
243.7317 126.0 188
244.0778 126.0 188
244.4348 126.0 188
244.7809 126.0 188
245.1874 125.0 188
245.5280 125.0 188
245.8905 125.0 188
246.2311 125.0 188
246.5771 125.0 188
246.9342 125.0 188
247.3901 124.0 188
247.7472 124.0 188
248.0933 124.0 188
248.4338 124.0 188
248.7964 124.0 188
249.1370 124.0 188
250.1862 124.0 188
291.3739 124.0 188
291.7145 124.0 188
292.0770 124.0 188
292.4176 124.0 188
292.7637 124.0 188
293.1042 124.0 188
293.4668 124.0 188
293.8074 124.0 188
294.1534 124.0 188
294.5105 124.0 188
294.7467 125.0 188
295.0928 125.0 188
295.4333 125.0 188
295.7959 125.0 188
296.1365 125.0 188
296.4825 125.0 188
296.7792 126.0 188
297.1198 126.0 188
297.4823 126.0 188
297.8229 126.0 188
298.1689 126.0 188
298.4052 127.0 188
298.7622 127.0 188
299.1083 127.0 188
299.4489 127.0 188
299.8114 127.0 188
300.1520 127.0 188
300.4486 128.0 188
300.7947 128.0 188
301.1353 128.0 188
301.4978 128.0 188
301.8384 128.0 188
302.0746 129.0 188
302.4207 129.0 188
302.7777 129.0 188
303.1238 129.0 188
303.4644 129.0 188
303.7610 130.0 188
304.1071 130.0 188
304.4641 130.0 188
304.8102 130.0 188
305.1563 130.0 188
305.3870 131.0 188
305.7495 131.0 188
306.0901 131.0 188
306.3867 132.0 188
306.7328 132.0 188
307.0734 132.0 188
307.4359 132.0 188
307.6666 133.0 188
307.9523 134.0 188
308.3093 134.0 188
308.5895 135.0 188
308.9520 135.0 188
309.1827 136.0 188
309.4684 137.0 188
309.8254 137.0 188
310.1056 138.0 188
310.4681 138.0 188
310.6989 139.0 188
310.9955 140.0 188
311.2811 141.0 188
311.6382 141.0 188
311.9183 142.0 188
312.1545 143.0 188
312.4512 144.0 188
312.7917 144.0 188
313.0884 145.0 188
313.3905 146.0 188
313.6871 147.0 188
314.0277 147.0 188
314.3243 148.0 188
314.6045 149.0 188
314.8407 150.0 188
315.1373 151.0 188
315.4834 151.0 188
315.7800 152.0 188
316.0767 153.0 188
316.3568 154.0 188
316.6534 155.0 188
316.9501 156.0 188
317.2961 156.0 188
317.9333 157.0 188
329.0131 137.0 188
329.4196 136.0 188
329.7656 136.0 188
330.2325 135.0 188
330.5731 135.0 188
330.9796 134.0 188
331.3422 134.0 188
331.7487 133.0 188
332.0892 133.0 188
332.4353 133.0 188
332.9022 132.0 188
333.2483 132.0 188
333.6053 132.0 188
333.9514 132.0 188
334.3579 131.0 188
334.6985 131.0 188
335.0610 131.0 188
335.4016 131.0 188
335.7477 131.0 188
336.1047 131.0 188
336.5607 130.0 188
336.9012 130.0 188
337.2638 130.0 188
337.6044 130.0 188
337.9504 130.0 188
338.3569 129.0 188
338.7140 129.0 188
339.0601 129.0 188
339.4061 129.0 188
339.7632 129.0 188
340.1093 129.0 188
340.5762 128.0 188
340.9167 128.0 188
341.2628 128.0 188
341.6199 128.0 188
341.9659 128.0 188
342.3120 128.0 188
342.7185 127.0 188
343.0756 127.0 188
343.4216 127.0 188
343.7622 127.0 188
344.1248 127.0 188
344.4653 127.0 188
344.9323 126.0 188
345.2783 126.0 188
345.6244 126.0 188
345.9814 126.0 188
346.3275 126.0 188
346.6681 126.0 188
347.0306 126.0 188
347.3712 126.0 188
347.7173 126.0 188
348.0579 126.0 188
348.4644 125.0 188
348.8269 125.0 188
349.1675 125.0 188
349.5135 125.0 188
349.8541 125.0 188
350.2167 125.0 188
350.5573 125.0 188
350.9033 125.0 188
351.2604 125.0 188
351.6064 125.0 188
351.9525 125.0 188
352.2931 125.0 188
352.6556 125.0 188
352.9962 125.0 188
353.3423 125.0 188
353.6993 125.0 188
354.1553 124.0 188
354.4958 124.0 188
354.8584 124.0 188
355.1990 124.0 188
355.5450 124.0 188
355.9021 124.0 188
356.2482 124.0 188
356.5887 124.0 188
356.9348 124.0 188
357.2919 124.0 188
357.6379 124.0 188
357.9840 124.0 188
358.3246 124.0 188
358.6871 124.0 188
359.0277 124.0 188
359.3738 124.0 188
359.7308 124.0 188
0.0769 124.0 188
0.4175 124.0 188
0.7635 124.0 188
1.1206 124.0 188
1.4667 124.0 188
1.8073 124.0 188
2.1698 124.0 188
2.5104 124.0 188
