#RPLIDAR SCAN DATA
#COUNT=567
#Angule	Distance	Quality
34.9969 124.0 188
35.3265 124.0 188
35.6671 124.0 188
36.0132 124.0 188
36.3428 124.0 188
36.6833 124.0 188
36.9196 125.0 188
37.2491 125.0 188
37.5897 125.0 188
37.9358 125.0 188
38.2654 125.0 188
38.5455 126.0 188
38.8861 126.0 188
39.2322 126.0 188
39.4519 127.0 188
39.7925 127.0 188
40.1385 127.0 188
40.4681 127.0 188
40.7483 128.0 188
41.0889 128.0 188
41.4349 128.0 188
41.7645 128.0 188
41.9952 129.0 188
42.3248 129.0 188
42.6709 129.0 188
43.0115 129.0 188
43.2916 130.0 188
43.6377 130.0 188
43.9673 130.0 188
44.3079 130.0 188
44.5276 131.0 188
44.8737 131.0 188
45.2142 131.0 188
45.4999 132.0 188
45.8240 132.0 188
46.0602 133.0 188
46.4063 133.0 188
46.6864 134.0 188
46.9666 135.0 188
47.2961 135.0 188
47.5269 136.0 188
47.8125 137.0 188
48.1366 137.0 188
48.4332 138.0 188
48.6530 139.0 188
48.9331 140.0 188
49.2188 141.0 188
49.5593 141.0 188
49.8395 142.0 188
50.0592 143.0 188
50.3394 144.0 188
50.6250 145.0 188
50.9052 146.0 188
51.2457 146.0 188
51.5259 147.0 188
51.8115 148.0 188
52.0917 149.0 188
52.3279 150.0 188
52.6080 151.0 188
52.8882 152.0 188
53.1683 153.0 188
53.4485 154.0 188
53.7341 155.0 188
54.0143 156.0 188
54.2944 157.0 188
54.5746 158.0 188
54.8547 159.0 188
55.1514 160.0 188
55.4370 161.0 188
55.7172 162.0 188
55.9369 164.0 188
56.2775 165.0 188
56.5576 166.0 188
56.8433 167.0 188
57.1234 168.0 188
57.4036 169.0 188
57.6837 170.0 188
57.9199 172.0 188
58.2605 173.0 188
58.4802 175.0 188
58.7604 176.0 188
59.0460 177.0 188
59.3262 179.0 188
59.6063 180.0 188
59.8865 182.0 188
60.1831 183.0 188
60.4028 185.0 188
60.7489 186.0 188
60.9686 188.0 188
61.3092 189.0 188
61.5894 190.0 188
61.8750 192.0 188
62.1057 194.0 188
62.3859 196.0 188
62.6715 198.0 188
62.8857 200.0 188
63.2318 201.0 188
63.5120 203.0 188
63.7482 205.0 188
64.0283 207.0 188
64.3085 209.0 188
64.5282 212.0 188
64.8083 214.0 188
65.1050 216.0 188
65.4346 217.0 188
65.6708 220.0 188
65.9509 223.0 188
66.2311 225.0 188
66.4508 228.0 188
66.7474 230.0 188
67.0276 232.0 188
67.3077 235.0 188
67.5934 238.0 188
67.8735 241.0 188
68.1537 243.0 188
68.3899 246.0 188
68.6700 249.0 188
68.9502 252.0 188
69.2303 255.0 188
69.5105 258.0 188
69.7961 261.0 188
70.0269 265.0 188
70.3125 269.0 188
70.5927 272.0 188
70.8728 275.0 188
71.1530 279.0 188
71.3892 283.0 188
71.6693 286.0 188
71.9495 290.0 188
72.2296 295.0 188
72.5153 299.0 188
72.7954 302.0 188
73.0756 307.0 188
73.3118 312.0 188
73.5919 317.0 188
73.8721 321.0 188
74.1522 326.0 188
74.4324 331.0 188
74.7180 336.0 188
74.9487 342.0 188
75.2344 347.0 188
75.5145 353.0 188
75.7947 359.0 188
76.0913 364.0 188
76.3715 370.0 188
76.6516 376.0 188
78.3435 294.0 188
78.7335 291.0 188
79.1235 287.0 188
79.5300 284.0 188
79.9200 281.0 188
80.3101 279.0 188
80.6561 278.0 188
81.0461 276.0 188
81.4362 273.0 188
81.7767 271.0 188
82.1228 271.0 188
82.5128 270.0 188
82.8589 269.0 188
83.1830 268.0 188
83.5730 267.0 188
83.9795 264.0 188
84.3091 262.0 188
84.7156 260.0 188
85.0452 259.0 188
85.4352 258.0 188
85.7813 258.0 188
86.1218 257.0 188
86.5118 256.0 188
86.8579 256.0 188
87.1875 255.0 188
87.5281 255.0 188
87.8741 256.0 188
88.1982 256.0 188
88.4839 258.0 188
88.7640 259.0 188
89.1046 260.0 188
89.4946 257.0 188
89.8901 256.0 188
90.2307 256.0 188
90.5109 257.0 188
90.8569 257.0 188
91.1865 257.0 188
91.5765 255.0 188
91.9830 253.0 188
92.2632 254.0 188
92.5928 254.0 188
92.9333 254.0 188
93.2794 255.0 188
93.6090 254.0 188
93.9496 254.0 188
94.2957 254.0 188
94.6198 254.0 188
94.9658 254.0 188
95.2954 255.0 188
95.6360 256.0 188
95.9216 257.0 188
96.2622 258.0 188
96.5918 257.0 188
96.9983 256.0 188
97.3279 255.0 188
97.6685 255.0 188
98.0145 255.0 188
98.3386 255.0 188
98.6847 255.0 188
99.0143 255.0 188
99.3549 255.0 188
99.7009 255.0 188
100.0305 255.0 188
100.3711 255.0 188
100.7172 256.0 188
100.9973 257.0 188
101.3269 257.0 188
101.6675 257.0 188
102.0135 257.0 188
102.2937 259.0 188
102.6233 261.0 188
102.9034 263.0 188
103.2495 263.0 188
103.5901 263.0 188
103.9801 261.0 188
104.3097 260.0 188
104.6558 261.0 188
104.9963 261.0 188
105.3259 261.0 188
105.6061 262.0 188
105.9521 263.0 188
106.2927 263.0 188
106.6223 264.0 188
106.9025 265.0 188
107.2485 265.0 188
107.5891 266.0 188
107.9187 267.0 188
108.1989 268.0 188
108.5449 269.0 188
108.8745 270.0 188
109.1711 271.0 188
109.4952 271.0 188
109.8413 273.0 188
110.1215 274.0 188
110.4510 276.0 188
110.7312 277.0 188
111.0773 278.0 188
111.3574 280.0 188
111.6980 281.0 188
111.9836 284.0 188
113.6700 307.0 188
113.8403 342.0 188
114.2303 337.0 188
114.6863 331.0 188
115.0763 325.0 188
115.5267 319.0 188
115.9167 313.0 188
116.3232 308.0 188
116.7188 304.0 188
117.1692 298.0 188
117.5592 294.0 188
117.9492 290.0 188
118.4052 285.0 188
118.7952 280.0 188
119.2456 276.0 188
119.6356 272.0 188
120.0311 269.0 188
120.4321 265.0 188
120.8881 261.0 188
121.2781 258.0 188
121.6681 255.0 188
122.0581 251.0 188
122.5140 247.0 188
122.9041 245.0 188
123.3545 241.0 188
123.7500 238.0 188
124.1510 236.0 188
124.5465 233.0 188
124.9365 230.0 188
125.3870 227.0 188
125.7770 225.0 188
126.1670 222.0 188
126.5735 220.0 188
127.0129 217.0 188
127.4194 215.0 188
127.8094 212.0 188
128.2654 210.0 188
128.6554 208.0 188
129.0454 206.0 188
129.4354 204.0 188
129.8419 202.0 188
130.2319 200.0 188
130.6824 198.0 188
131.0779 196.0 188
131.4679 194.0 188
131.8744 193.0 188
132.2644 191.0 188
132.7148 189.0 188
133.0444 188.0 188
133.4949 186.0 188
133.8409 185.0 188
134.2969 183.0 188
134.6869 182.0 188
135.0769 180.0 188
135.4669 179.0 188
135.8734 178.0 188
136.2634 176.0 188
136.6534 175.0 188
137.0435 174.0 188
137.4500 172.0 188
137.8400 171.0 188
138.2300 170.0 188
138.6200 169.0 188
139.0265 168.0 188
139.4165 167.0 188
139.8120 166.0 188
140.2020 164.0 188
140.6085 163.0 188
140.9985 162.0 188
141.3885 161.0 188
141.7786 160.0 188
142.1851 159.0 188
142.5751 158.0 188
142.9651 157.0 188
143.3112 157.0 188
143.7012 156.0 188
144.0912 155.0 188
144.4977 154.0 188
144.8877 153.0 188
145.2777 152.0 188
145.6238 152.0 188
146.0138 151.0 188
146.4038 150.0 188
146.8542 149.0 188
147.2498 148.0 188
147.5903 148.0 188
147.9803 147.0 188
148.3868 146.0 188
148.7164 146.0 188
149.1064 145.0 188
149.5129 144.0 188
149.8425 144.0 188
150.2490 143.0 188
150.6995 142.0 188
151.0291 142.0 188
151.4355 141.0 188
151.7651 141.0 188
152.1716 140.0 188
152.4957 140.0 188
152.9022 139.0 188
153.3582 138.0 188
153.6823 138.0 188
154.0887 137.0 188
154.4183 137.0 188
154.7644 137.0 188
155.1544 136.0 188
155.6049 135.0 188
155.9509 135.0 188
156.3409 134.0 188
156.6870 134.0 188
157.0276 134.0 188
157.4176 133.0 188
157.7472 133.0 188
158.0933 133.0 188
158.4338 133.0 188
158.8898 132.0 188
159.2139 132.0 188
159.5599 132.0 188
159.9060 132.0 188
160.2466 132.0 188
160.5762 132.0 188
160.9662 131.0 188
161.3123 131.0 188
161.6528 131.0 188
161.9989 131.0 188
162.3230 131.0 188
162.6691 131.0 188
163.1250 130.0 188
163.4656 130.0 188
163.7952 130.0 188
164.1357 130.0 188
164.4818 130.0 188
164.8114 130.0 188
165.1520 130.0 188
165.5420 129.0 188
165.8881 129.0 188
166.2341 129.0 188
166.5582 129.0 188
166.9043 129.0 188
167.2449 129.0 188
167.5745 129.0 188
167.9205 129.0 188
168.2611 129.0 188
168.5907 129.0 188
169.0466 128.0 188
169.3872 128.0 188
169.7333 128.0 188
170.0574 128.0 188
170.4034 128.0 188
170.7495 128.0 188
171.0736 128.0 188
171.4197 128.0 188
171.7603 128.0 188
172.0898 128.0 188
172.4359 128.0 188
172.7765 128.0 188
173.1665 127.0 188
173.5126 127.0 188
173.8422 127.0 188
174.1827 127.0 188
174.5288 127.0 188
174.8584 127.0 188
175.1990 127.0 188
175.5450 127.0 188
175.8746 127.0 188
176.2152 127.0 188
176.5613 127.0 188
176.9019 127.0 188
177.2314 127.0 188
177.5775 127.0 188
177.9181 127.0 188
178.2477 127.0 188
178.5938 127.0 188
178.9343 127.0 188
179.2639 127.0 188
179.6045 127.0 188
179.9506 127.0 188
180.2802 127.0 188
180.6207 127.0 188
180.9668 127.0 188
181.2964 127.0 188
181.6370 127.0 188
181.9830 127.0 188
182.3071 127.0 188
182.6532 127.0 188
182.9993 127.0 188
183.3234 127.0 188
183.6694 127.0 188
184.0155 127.0 188
184.3396 127.0 188
184.6857 127.0 188
185.0262 127.0 188
185.3723 127.0 188
185.7019 127.0 188
186.0425 127.0 188
186.3885 127.0 188
186.7181 127.0 188
187.0587 127.0 188
187.4048 127.0 188
187.7344 127.0 188
188.0750 127.0 188
188.4210 127.0 188
188.7616 127.0 188
189.0912 127.0 188
189.4373 127.0 188
189.7778 127.0 188
190.1074 127.0 188
190.4480 127.0 188
190.7336 128.0 188
191.0742 128.0 188
191.4038 128.0 188
191.7499 128.0 188
192.0905 128.0 188
192.4365 128.0 188
192.7606 128.0 188
193.1067 128.0 188
193.4528 128.0 188
193.7769 128.0 188
194.1229 128.0 188
194.4635 128.0 188
194.7931 128.0 188
195.1392 128.0 188
195.4797 128.0 188
195.8258 128.0 188
196.0455 129.0 188
196.3861 129.0 188
196.7157 129.0 188
197.0618 129.0 188
197.4023 129.0 188
197.7319 129.0 188
198.0780 129.0 188
198.4186 129.0 188
198.7482 129.0 188
199.0887 129.0 188
199.3744 130.0 188
199.7150 130.0 188
200.0610 130.0 188
200.3906 130.0 188
200.7312 130.0 188
201.0773 130.0 188
201.4014 130.0 188
201.7474 130.0 188
202.0935 130.0 188
202.4176 130.0 188
202.6538 131.0 188
202.9999 131.0 188
203.3240 131.0 188
203.6700 131.0 188
204.0106 131.0 188
204.3402 131.0 188
204.6863 131.0 188
204.9664 132.0 188
205.3125 132.0 188
205.6531 132.0 188
205.9827 132.0 188
206.3232 132.0 188
206.6693 132.0 188
206.8890 133.0 188
207.2296 133.0 188
207.5592 133.0 188
207.8558 134.0 188
208.1854 134.0 188
208.5260 134.0 188
208.8116 135.0 188
209.1522 135.0 188
209.3719 136.0 188
209.7180 136.0 188
210.0421 136.0 188
210.3387 137.0 188
210.6683 137.0 188
210.9485 138.0 188
211.2946 138.0 188
211.6406 138.0 188
211.8549 139.0 188
212.1405 140.0 188
212.4811 140.0 188
212.8271 140.0 188
213.1073 141.0 188
213.4369 141.0 188
213.7170 142.0 188
214.0576 142.0 188
214.2938 143.0 188
214.6234 143.0 188
214.9036 144.0 188
215.2496 144.0 188
215.5298 145.0 188
215.8704 145.0 188
216.1560 146.0 188
217.5128 141.0 188
217.0459 153.0 188
217.3865 153.0 188
217.7325 153.0 188
218.0621 153.0 188
218.7927 152.0 188
315.3571 124.0 188
315.7031 124.0 188
316.0437 124.0 188
316.3733 124.0 188
316.6040 125.0 188
316.9336 125.0 188
317.2797 125.0 188
317.5598 126.0 188
317.9059 126.0 188
318.2465 126.0 188
318.4662 127.0 188
318.8123 127.0 188
319.1528 127.0 188
319.4824 127.0 188
319.7626 128.0 188
320.1086 128.0 188
320.4492 128.0 188
320.6689 129.0 188
321.0150 129.0 188
321.2952 130.0 188
321.6357 130.0 188
321.9653 130.0 188
322.3114 130.0 188
322.5421 131.0 188
322.8278 132.0 188
323.1519 132.0 188
323.7341 133.0 188
