#RPLIDAR SCAN DATA
#COUNT=570
#Angule	Distance	Quality
4.7955 124.0 188
5.1361 124.0 188
5.4822 124.0 188
5.7184 125.0 188
6.0590 125.0 188
6.3391 126.0 188
6.7017 126.0 188
6.9214 127.0 188
7.2784 127.0 188
7.5586 128.0 188
7.9047 128.0 188
8.1354 129.0 188
8.4814 129.0 188
8.7781 130.0 188
9.0143 131.0 188
20.5884 125.0 188
20.9509 125.0 188
21.2915 125.0 188
21.6376 125.0 188
21.9836 125.0 188
22.3242 125.0 188
22.7966 124.0 188
23.1372 124.0 188
23.4833 124.0 188
23.8239 124.0 188
24.1699 124.0 188
24.5105 124.0 188
24.8730 124.0 188
25.2136 124.0 188
25.5597 124.0 188
25.9058 124.0 188
26.2463 124.0 188
26.5924 124.0 188
27.2955 124.0 188
49.8560 124.0 188
50.2020 124.0 188
50.5426 124.0 188
50.9052 124.0 188
51.2457 124.0 188
51.5918 124.0 188
51.9324 124.0 188
52.2949 124.0 188
52.6355 124.0 188
52.9816 124.0 188
53.3276 124.0 188
53.6847 124.0 188
54.0308 124.0 188
54.3713 124.0 188
54.7174 124.0 188
54.9481 125.0 188
55.3107 125.0 188
55.6512 125.0 188
55.9973 125.0 188
56.3434 125.0 188
56.7004 125.0 188
57.0465 125.0 188
57.3871 125.0 188
57.7496 125.0 188
58.0298 126.0 188
58.3704 126.0 188
58.7329 126.0 188
59.0735 126.0 188
59.4196 126.0 188
59.7656 126.0 188
60.1227 126.0 188
60.4688 126.0 188
60.6995 127.0 188
61.0455 127.0 188
61.3861 127.0 188
61.7487 127.0 188
62.0892 127.0 188
62.4353 127.0 188
62.7759 127.0 188
63.0780 128.0 188
63.4186 128.0 188
63.7811 128.0 188
64.1217 128.0 188
64.4678 128.0 188
64.8083 128.0 188
65.0446 129.0 188
65.4016 129.0 188
65.7477 129.0 188
66.0938 129.0 188
66.4343 129.0 188
66.7969 129.0 188
67.0770 130.0 188
67.4341 130.0 188
67.7802 130.0 188
68.1207 130.0 188
68.4668 130.0 188
68.7030 131.0 188
69.0601 131.0 188
69.4061 131.0 188
69.7467 131.0 188
70.0928 131.0 188
70.3894 132.0 188
70.7300 132.0 188
71.0760 132.0 188
71.3123 133.0 188
71.6528 133.0 188
72.0154 133.0 188
72.2955 134.0 188
72.5922 135.0 188
72.9327 135.0 188
73.1689 136.0 188
73.5150 136.0 188
73.8116 137.0 188
74.1522 137.0 188
74.4489 138.0 188
74.7949 138.0 188
75.0311 139.0 188
75.3113 140.0 188
75.6683 140.0 188
75.9485 141.0 188
76.2946 141.0 188
76.5912 142.0 188
76.8274 143.0 188
77.1680 143.0 188
77.4646 144.0 188
77.7448 145.0 188
78.0469 146.0 188
78.3875 146.0 188
78.6841 147.0 188
79.0302 147.0 188
79.3268 148.0 188
79.6069 149.0 188
79.9530 149.0 188
80.1837 150.0 188
80.4803 151.0 188
80.7770 152.0 188
81.0571 153.0 188
81.4032 153.0 188
81.6998 154.0 188
81.9965 155.0 188
82.2766 156.0 188
82.6227 156.0 188
82.9193 157.0 188
83.1995 158.0 188
83.4961 159.0 188
83.7927 160.0 188
84.0729 161.0 188
84.3750 162.0 188
84.6716 163.0 188
84.9518 164.0 188
85.2924 165.0 188
85.6549 165.0 188
85.9351 166.0 188
86.1713 168.0 188
86.4679 169.0 188
86.7480 170.0 188
87.0447 171.0 188
87.3413 172.0 188
87.6874 173.0 188
87.9675 174.0 188
88.2642 175.0 188
88.4949 177.0 188
88.8409 178.0 188
89.1376 179.0 188
89.4177 180.0 188
89.7144 181.0 188
90.0604 182.0 188
90.2966 184.0 188
90.5933 185.0 188
90.9338 186.0 188
91.2305 187.0 188
91.5106 189.0 188
91.8073 190.0 188
92.0929 192.0 188
92.3895 193.0 188
92.6862 194.0 188
92.9663 196.0 188
93.2629 198.0 188
93.5596 199.0 188
93.8397 201.0 188
94.1364 203.0 188
94.4165 204.0 188
94.7186 206.0 188
95.0153 207.0 188
95.2954 209.0 188
95.5920 211.0 188
95.8722 213.0 188
96.1688 215.0 188
96.4655 217.0 188
96.7456 219.0 188
97.0422 221.0 188
97.3389 223.0 188
97.6245 225.0 188
97.9211 227.0 188
98.2013 229.0 188
98.4979 231.0 188
98.7946 233.0 188
99.0747 236.0 188
99.3109 239.0 188
99.6515 241.0 188
99.9481 243.0 188
100.1843 246.0 188
100.4810 249.0 188
100.7611 251.0 188
101.0577 254.0 188
101.3544 257.0 188
101.6400 259.0 188
101.9366 262.0 188
102.2333 265.0 188
102.5134 268.0 188
102.8101 272.0 188
103.1067 275.0 188
103.3868 278.0 188
103.6835 281.0 188
103.9636 284.0 188
104.2603 288.0 188
104.5624 292.0 188
104.8425 295.0 188
105.1392 299.0 188
105.4358 303.0 188
105.7159 307.0 188
106.0126 311.0 188
106.2927 315.0 188
106.5894 319.0 188
106.8860 323.0 188
107.1222 328.0 188
107.4023 333.0 188
107.6990 338.0 188
107.9956 343.0 188
108.2813 348.0 188
108.5779 353.0 188
108.8745 358.0 188
109.1547 363.0 188
109.4513 369.0 188
109.7479 374.0 188
110.0281 380.0 188
110.3247 386.0 188
110.6049 392.0 188
110.9015 399.0 188
111.1981 406.0 188
111.4838 412.0 188
111.7804 419.0 188
112.0770 427.0 188
112.3572 435.0 188
112.6538 442.0 188
112.9504 451.0 188
113.2306 460.0 188
113.5272 469.0 188
113.8239 478.0 188
114.1040 488.0 188
114.4061 498.0 188
114.7028 509.0 188
114.9829 520.0 188
115.2795 530.0 188
115.5597 542.0 188
115.8563 556.0 188
116.1530 568.0 188
116.4331 582.0 188
116.7297 596.0 188
117.0264 610.0 188
117.3120 626.0 188
117.6086 640.0 188
117.9053 658.0 188
118.1854 678.0 188
118.4821 696.0 188
119.1248 718.0 188
122.1844 351.0 188
122.5305 350.0 188
122.8711 351.0 188
123.1677 353.0 188
123.5138 352.0 188
123.9203 349.0 188
124.2609 348.0 188
124.6069 347.0 188
124.9530 347.0 188
125.3101 347.0 188
125.7001 346.0 188
126.0571 345.0 188
126.4032 345.0 188
126.7493 345.0 188
127.0459 347.0 188
127.3865 347.0 188
127.7930 345.0 188
128.1390 345.0 188
128.4796 344.0 188
128.8257 343.0 188
129.1827 343.0 188
129.5288 346.0 188
129.8254 348.0 188
130.2155 346.0 188
130.5780 344.0 188
130.9186 343.0 188
131.2646 343.0 188
131.6052 342.0 188
131.9513 342.0 188
132.2919 342.0 188
132.6544 342.0 188
132.9950 343.0 188
133.3411 345.0 188
133.6377 347.0 188
133.9838 347.0 188
134.3903 345.0 188
134.7308 343.0 188
135.0769 343.0 188
135.4175 344.0 188
135.7141 347.0 188
143.6682 546.0 188
144.1406 514.0 188
144.5911 499.0 188
144.9976 484.0 188
145.4480 471.0 188
145.8545 459.0 188
146.3104 447.0 188
146.7169 437.0 188
147.1234 426.0 188
147.5739 415.0 188
147.9803 405.0 188
148.4363 395.0 188
148.8428 387.0 188
149.2493 379.0 188
149.6997 371.0 188
150.1062 363.0 188
150.5621 355.0 188
150.9686 348.0 188
151.3696 342.0 188
151.8256 335.0 188
152.2321 329.0 188
152.6825 323.0 188
153.0890 316.0 188
153.5449 310.0 188
153.9514 305.0 188
154.3579 300.0 188
154.8083 295.0 188
155.2808 289.0 188
155.6873 284.0 188
156.0773 280.0 188
156.5442 276.0 188
156.9342 271.0 188
157.4011 267.0 188
157.8076 263.0 188
158.2031 259.0 188
158.6700 255.0 188
159.0765 251.0 188
159.5270 248.0 188
159.9335 245.0 188
160.3400 242.0 188
160.7959 238.0 188
161.2024 235.0 188
161.5924 232.0 188
162.0593 229.0 188
162.4658 226.0 188
162.9218 223.0 188
163.3228 220.0 188
163.7292 218.0 188
164.1852 215.0 188
164.5917 213.0 188
165.0421 210.0 188
165.4486 208.0 188
165.8551 206.0 188
166.2616 204.0 188
166.7175 201.0 188
167.1240 199.0 188
167.5305 197.0 188
167.9810 195.0 188
168.3875 193.0 188
168.7775 191.0 188
169.1840 190.0 188
169.5905 188.0 188
170.0464 186.0 188
170.4034 185.0 188
170.8594 183.0 188
171.2604 181.0 188
171.6669 180.0 188
172.1228 178.0 188
172.4634 177.0 188
172.9358 175.0 188
173.3258 174.0 188
173.7323 173.0 188
174.1388 171.0 188
174.5453 170.0 188
174.9518 169.0 188
175.4022 167.0 188
175.8087 166.0 188
176.2152 165.0 188
176.5613 164.0 188
176.9678 163.0 188
177.3578 162.0 188
177.8247 160.0 188
178.2312 159.0 188
178.6212 158.0 188
179.0277 157.0 188
179.4342 156.0 188
179.8407 155.0 188
180.2472 154.0 188
180.6372 153.0 188
181.0437 152.0 188
181.4502 151.0 188
181.8567 150.0 188
182.2028 150.0 188
182.6532 149.0 188
183.0597 148.0 188
183.4662 147.0 188
183.8727 146.0 188
184.2188 146.0 188
184.6198 145.0 188
185.0262 144.0 188
185.3723 144.0 188
185.7788 143.0 188
186.2292 142.0 188
186.6357 141.0 188
186.9818 141.0 188
187.3883 140.0 188
187.7948 139.0 188
188.1354 139.0 188
188.5913 138.0 188
188.9978 137.0 188
189.3384 137.0 188
189.7449 136.0 188
190.0909 136.0 188
190.5579 135.0 188
190.9039 135.0 188
191.3104 134.0 188
191.7004 133.0 188
192.0575 133.0 188
192.4036 133.0 188
192.8540 132.0 188
193.2001 132.0 188
193.5571 132.0 188
193.9032 132.0 188
194.2493 132.0 188
194.6558 131.0 188
194.9963 131.0 188
195.3424 131.0 188
195.6830 131.0 188
196.0291 131.0 188
196.4960 130.0 188
196.8420 130.0 188
197.1826 130.0 188
197.5287 130.0 188
197.8857 130.0 188
198.2318 130.0 188
198.6383 129.0 188
198.9844 129.0 188
199.3250 129.0 188
199.6710 129.0 188
200.0116 129.0 188
200.3741 129.0 188
200.8246 128.0 188
201.1707 128.0 188
201.5112 128.0 188
201.8738 128.0 188
202.2144 128.0 188
202.5604 128.0 188
202.9669 127.0 188
203.3075 127.0 188
203.6536 127.0 188
203.9996 127.0 188
204.3567 127.0 188
204.7028 127.0 188
205.0433 127.0 188
205.3894 127.0 188
205.7300 127.0 188
206.0925 127.0 188
206.5430 126.0 188
206.8890 126.0 188
207.2461 126.0 188
207.5922 126.0 188
207.9327 126.0 188
208.2788 126.0 188
208.6249 126.0 188
208.9819 126.0 188
209.3280 126.0 188
209.6686 126.0 188
210.0146 126.0 188
210.3552 126.0 188
210.7178 126.0 188
211.1078 125.0 188
211.4648 125.0 188
211.8109 125.0 188
212.1515 125.0 188
212.4976 125.0 188
212.8436 125.0 188
213.2007 125.0 188
213.5468 125.0 188
213.8873 125.0 188
214.2334 125.0 188
214.5905 125.0 188
214.9365 125.0 188
215.2771 125.0 188
215.6232 125.0 188
215.9637 125.0 188
216.3263 125.0 188
216.6669 125.0 188
217.0129 125.0 188
217.3590 125.0 188
217.6996 125.0 188
218.0621 125.0 188
218.4027 125.0 188
218.7488 125.0 188
219.0894 125.0 188
219.4354 125.0 188
219.7925 125.0 188
220.1385 125.0 188
220.4791 125.0 188
220.8252 125.0 188
221.1713 125.0 188
221.5283 125.0 188
221.8744 125.0 188
222.2150 125.0 188
222.5610 125.0 188
222.9181 125.0 188
223.2642 125.0 188
223.6047 125.0 188
223.9508 125.0 188
224.2969 125.0 188
224.6539 125.0 188
225.0000 125.0 188
225.3406 125.0 188
225.6866 125.0 188
226.0272 125.0 188
226.3898 125.0 188
226.7303 125.0 188
227.0764 125.0 188
227.4170 125.0 188
227.7631 125.0 188
228.1201 125.0 188
228.4662 125.0 188
228.8123 125.0 188
229.1528 125.0 188
229.4989 125.0 188
229.8560 125.0 188
230.2020 125.0 188
230.4822 126.0 188
230.8392 126.0 188
231.1853 126.0 188
231.5259 126.0 188
231.8719 126.0 188
232.2180 126.0 188
232.5751 126.0 188
232.9211 126.0 188
233.2617 126.0 188
233.6078 126.0 188
233.9648 126.0 188
234.3109 126.0 188
234.6515 126.0 188
234.8877 127.0 188
235.2338 127.0 188
238.1561 192.0 188
238.6230 188.0 188
239.1833 183.0 188
239.7656 178.0 188
240.2765 174.0 188
240.7928 170.0 188
241.3092 167.0 188
241.8420 163.0 188
242.4023 159.0 188
242.9187 156.0 188
243.4515 153.0 188
243.9679 150.0 188
244.5282 147.0 188
245.0610 144.0 188
245.6213 141.0 188
246.0938 139.0 188
246.6705 136.0 188
247.1869 134.0 188
247.5934 133.0 188
248.0438 132.0 188
248.4503 131.0 188
248.9172 130.0 188
249.3237 129.0 188
249.7797 128.0 188
250.1862 127.0 188
250.6531 126.0 188
250.9991 126.0 188
251.4056 125.0 188
252.2186 124.0 188
