#RPLIDAR SCAN DATA
#COUNT=564
#Angule	Distance	Quality
37.1558 124.0 188
37.4963 124.0 188
37.8424 124.0 188
38.1830 124.0 188
38.5291 124.0 188
38.8696 124.0 188
39.1058 125.0 188
39.4519 125.0 188
39.7925 125.0 188
40.1385 125.0 188
40.4791 125.0 188
40.7813 126.0 188
41.1218 126.0 188
41.4679 126.0 188
41.6986 127.0 188
42.0447 127.0 188
42.3853 127.0 188
42.7313 127.0 188
43.0280 128.0 188
43.3740 128.0 188
43.7146 128.0 188
44.0607 128.0 188
44.2969 129.0 188
44.6375 129.0 188
44.9835 129.0 188
45.3241 129.0 188
45.6042 130.0 188
45.9668 130.0 188
46.3074 130.0 188
46.5271 131.0 188
46.8896 131.0 188
47.2302 131.0 188
47.5104 132.0 188
47.8564 132.0 188
48.0927 133.0 188
48.4332 133.0 188
48.7299 134.0 188
49.0155 135.0 188
49.3561 135.0 188
49.5923 136.0 188
49.8724 137.0 188
50.1691 138.0 188
50.4053 139.0 188
50.7458 139.0 188
51.0260 140.0 188
51.3281 141.0 188
51.6083 142.0 188
51.9489 142.0 188
52.1851 143.0 188
52.4652 144.0 188
52.7618 145.0 188
53.0420 146.0 188
53.3386 147.0 188
53.6243 148.0 188
53.9648 148.0 188
54.2615 149.0 188
54.4977 150.0 188
54.7778 151.0 188
55.0745 152.0 188
55.3107 154.0 188
55.5908 155.0 188
55.8710 156.0 188
56.1676 157.0 188
56.4478 158.0 188
56.7499 159.0 188
57.0300 160.0 188
57.3267 161.0 188
57.6068 162.0 188
57.9034 163.0 188
58.1836 165.0 188
58.4802 166.0 188
58.7604 167.0 188
59.0625 168.0 188
59.3427 169.0 188
59.6393 170.0 188
59.8700 172.0 188
60.2161 173.0 188
60.4358 175.0 188
60.7324 176.0 188
61.0126 178.0 188
61.3092 179.0 188
61.5894 180.0 188
61.8860 182.0 188
62.1222 184.0 188
62.4023 185.0 188
62.6990 187.0 188
62.9791 188.0 188
63.2813 190.0 188
63.5614 191.0 188
63.8580 193.0 188
64.1382 195.0 188
64.4183 196.0 188
64.7150 198.0 188
64.9512 200.0 188
65.2313 202.0 188
65.5280 204.0 188
65.8081 206.0 188
66.1047 208.0 188
66.3245 211.0 188
66.6211 213.0 188
66.9012 215.0 188
67.1979 217.0 188
67.4341 220.0 188
67.7142 222.0 188
67.9999 224.0 188
68.2965 227.0 188
68.5767 229.0 188
68.8074 232.0 188
69.1040 235.0 188
69.3896 237.0 188
69.6863 240.0 188
69.9664 243.0 188
70.2026 246.0 188
70.5432 248.0 188
70.7794 251.0 188
71.0596 255.0 188
71.3562 258.0 188
71.6364 261.0 188
71.8726 265.0 188
72.1527 268.0 188
72.4493 272.0 188
72.7295 275.0 188
73.0261 279.0 188
73.2623 283.0 188
73.5425 287.0 188
73.8391 291.0 188
74.1248 295.0 188
74.4214 299.0 188
74.6356 304.0 188
74.9323 308.0 188
75.2179 313.0 188
75.5145 318.0 188
75.7947 323.0 188
76.0309 328.0 188
76.3275 333.0 188
76.6077 338.0 188
76.8878 344.0 188
77.1844 350.0 188
77.4646 355.0 188
77.7008 362.0 188
77.9974 368.0 188
78.2776 374.0 188
78.5742 380.0 188
78.8544 387.0 188
79.1510 395.0 188
79.4366 402.0 188
79.6674 410.0 188
79.9530 418.0 188
80.2496 426.0 188
80.5298 435.0 188
80.8264 443.0 188
81.1066 453.0 188
81.4032 462.0 188
81.6833 472.0 188
81.9196 484.0 188
82.2162 495.0 188
82.4963 507.0 188
82.7930 520.0 188
83.4192 532.0 188
84.0454 474.0 188
84.4519 469.0 188
84.7925 465.0 188
85.1825 462.0 188
85.5286 457.0 188
85.9351 452.0 188
86.3416 447.0 188
86.6821 446.0 188
87.0282 447.0 188
87.3743 446.0 188
87.7148 445.0 188
88.0609 444.0 188
88.4015 443.0 188
88.7476 440.0 188
89.1541 437.0 188
89.4946 436.0 188
89.8407 435.0 188
90.1868 434.0 188
90.5273 435.0 188
90.8734 436.0 188
91.2140 437.0 188
91.5601 436.0 188
91.9061 435.0 188
92.2467 434.0 188
92.5928 433.0 188
92.9333 432.0 188
93.2794 432.0 188
93.6200 432.0 188
93.9661 432.0 188
94.3121 432.0 188
94.6692 432.0 188
95.0153 434.0 188
95.3558 435.0 188
95.7019 435.0 188
96.0425 433.0 188
96.3885 433.0 188
96.7291 432.0 188
97.0752 432.0 188
97.4213 432.0 188
97.7618 432.0 188
98.1079 432.0 188
98.4485 433.0 188
98.7946 433.0 188
99.1406 434.0 188
99.4812 436.0 188
99.8273 437.0 188
100.1843 436.0 188
100.5304 435.0 188
100.8710 436.0 188
101.2170 436.0 188
101.5576 436.0 188
101.9037 437.0 188
102.2498 437.0 188
102.5903 438.0 188
102.8705 440.0 188
103.2330 441.0 188
103.5736 442.0 188
103.9197 443.0 188
104.2603 444.0 188
104.6063 446.0 188
104.8865 448.0 188
105.2325 450.0 188
105.5731 452.0 188
105.8698 456.0 188
106.2158 463.0 188
106.4960 469.0 188
107.4792 475.0 188
108.2922 518.0 188
108.8086 488.0 188
109.1986 475.0 188
109.6710 462.0 188
110.0610 450.0 188
110.5115 439.0 188
110.9180 429.0 188
111.3245 419.0 188
111.7804 409.0 188
112.1869 400.0 188
112.5769 391.0 188
113.0438 383.0 188
113.4338 374.0 188
113.8898 367.0 188
114.2963 359.0 188
114.7028 352.0 188
115.1532 346.0 188
115.5597 339.0 188
115.9497 333.0 188
116.4166 326.0 188
116.8121 320.0 188
117.2626 315.0 188
117.6691 309.0 188
118.1250 303.0 188
118.5260 299.0 188
118.9325 294.0 188
119.3884 289.0 188
119.7949 284.0 188
120.1849 280.0 188
120.6354 275.0 188
121.0419 271.0 188
121.4978 267.0 188
121.9043 263.0 188
122.3108 259.0 188
122.7612 256.0 188
123.1677 252.0 188
123.5577 249.0 188
124.0302 245.0 188
124.4202 242.0 188
124.8267 239.0 188
125.2771 235.0 188
125.6836 232.0 188
126.0736 230.0 188
126.5460 227.0 188
126.9360 224.0 188
127.3425 222.0 188
127.7930 219.0 188
128.1995 217.0 188
128.6060 214.0 188
128.9960 212.0 188
129.4519 209.0 188
129.8584 207.0 188
130.2649 205.0 188
130.7153 202.0 188
131.1218 200.0 188
131.5778 198.0 188
131.9678 196.0 188
132.3743 195.0 188
132.7808 193.0 188
133.1708 191.0 188
133.6377 189.0 188
133.9838 188.0 188
134.4342 186.0 188
134.7803 185.0 188
135.2307 183.0 188
135.6372 181.0 188
136.0272 180.0 188
136.4996 178.0 188
136.8402 177.0 188
137.2302 176.0 188
137.6862 174.0 188
138.0927 173.0 188
138.4332 172.0 188
138.8892 170.0 188
139.2957 169.0 188
139.7021 168.0 188
140.0922 167.0 188
140.4987 166.0 188
140.9052 164.0 188
141.2952 163.0 188
141.7017 162.0 188
142.0917 161.0 188
142.4982 160.0 188
142.9047 159.0 188
143.2947 158.0 188
143.7012 157.0 188
144.1077 156.0 188
144.4977 155.0 188
144.9042 154.0 188
145.3107 153.0 188
145.7007 152.0 188
146.1072 151.0 188
146.5137 150.0 188
146.8542 150.0 188
147.3102 149.0 188
147.7167 148.0 188
148.1067 147.0 188
148.4528 147.0 188
148.8593 146.0 188
149.2603 145.0 188
149.6558 144.0 188
150.0623 143.0 188
150.4028 143.0 188
150.8588 142.0 188
151.1993 142.0 188
151.6058 141.0 188
151.9958 140.0 188
152.3419 140.0 188
152.7484 139.0 188
153.1989 138.0 188
153.5449 138.0 188
153.9514 137.0 188
154.3579 136.0 188
154.6985 136.0 188
155.0446 136.0 188
155.4950 135.0 188
155.8411 135.0 188
156.2476 134.0 188
156.5936 134.0 188
156.9836 133.0 188
157.3242 133.0 188
157.6703 133.0 188
158.1372 132.0 188
158.4833 132.0 188
158.8239 132.0 188
159.1699 132.0 188
159.5105 132.0 188
159.9060 131.0 188
160.2631 131.0 188
160.6091 131.0 188
160.9497 131.0 188
161.2958 131.0 188
161.7462 130.0 188
162.0923 130.0 188
162.4329 130.0 188
162.7789 130.0 188
163.1250 130.0 188
163.4656 130.0 188
163.8116 130.0 188
164.2181 129.0 188
164.5587 129.0 188
164.9048 129.0 188
165.2454 129.0 188
165.5914 129.0 188
165.9375 129.0 188
166.2781 129.0 188
166.7340 128.0 188
167.0746 128.0 188
167.4207 128.0 188
167.7612 128.0 188
168.1073 128.0 188
168.4479 128.0 188
168.8104 128.0 188
169.1510 128.0 188
169.5465 127.0 188
169.8871 127.0 188
170.2332 127.0 188
170.5737 127.0 188
170.9198 127.0 188
171.2769 127.0 188
171.6229 127.0 188
171.9635 127.0 188
172.3096 127.0 188
172.6556 127.0 188
172.9962 127.0 188
173.3423 127.0 188
173.7927 126.0 188
174.1388 126.0 188
174.4794 126.0 188
174.8254 126.0 188
175.1715 126.0 188
175.5121 126.0 188
175.8582 126.0 188
176.2152 126.0 188
176.5613 126.0 188
176.9019 126.0 188
177.2479 126.0 188
177.5885 126.0 188
177.9346 126.0 188
178.2806 126.0 188
178.6212 126.0 188
178.9673 126.0 188
179.3079 126.0 188
179.6539 126.0 188
180.0000 126.0 188
180.3406 126.0 188
180.6866 126.0 188
181.0272 126.0 188
181.3733 126.0 188
181.7139 126.0 188
182.0599 126.0 188
182.4060 126.0 188
182.7631 126.0 188
183.1091 126.0 188
183.4497 126.0 188
183.7958 126.0 188
184.1364 126.0 188
184.4824 126.0 188
184.8230 126.0 188
185.1691 126.0 188
185.5151 126.0 188
185.8557 126.0 188
186.2018 126.0 188
186.5424 126.0 188
186.8884 126.0 188
187.2290 126.0 188
187.5751 126.0 188
187.9211 126.0 188
188.2617 126.0 188
188.6078 126.0 188
188.9484 126.0 188
189.2944 126.0 188
189.6515 126.0 188
189.9976 126.0 188
190.3436 126.0 188
190.6842 126.0 188
191.0303 126.0 188
191.3708 126.0 188
191.7169 126.0 188
192.0575 126.0 188
192.4036 126.0 188
192.7496 126.0 188
193.0902 126.0 188
193.4363 126.0 188
193.7769 126.0 188
194.1229 126.0 188
194.4635 126.0 188
194.6997 127.0 188
195.0458 127.0 188
195.3864 127.0 188
195.7324 127.0 188
196.0730 127.0 188
196.4191 127.0 188
196.7651 127.0 188
197.1057 127.0 188
197.4518 127.0 188
197.8088 127.0 188
198.1549 127.0 188
198.4955 127.0 188
198.8416 127.0 188
199.1217 128.0 188
199.4678 128.0 188
199.8083 128.0 188
200.1544 128.0 188
200.4950 128.0 188
200.8411 128.0 188
201.1871 128.0 188
201.5277 128.0 188
201.8738 128.0 188
202.2144 128.0 188
202.4506 129.0 188
202.7966 129.0 188
203.1372 129.0 188
203.4833 129.0 188
203.8239 129.0 188
204.1699 129.0 188
204.5105 129.0 188
204.8566 129.0 188
205.1532 130.0 188
205.4993 130.0 188
205.8398 130.0 188
206.1859 130.0 188
206.5265 130.0 188
206.8726 130.0 188
207.2186 130.0 188
207.5592 130.0 188
207.7954 131.0 188
208.1360 131.0 188
208.4821 131.0 188
208.8281 131.0 188
209.1687 131.0 188
209.4653 132.0 188
209.8114 132.0 188
210.1520 132.0 188
210.4980 132.0 188
210.8386 132.0 188
211.1847 132.0 188
211.4044 133.0 188
211.7615 133.0 188
212.0416 134.0 188
212.3877 134.0 188
212.7338 134.0 188
213.0139 135.0 188
213.3545 135.0 188
213.5907 136.0 188
213.9368 136.0 188
214.2773 136.0 188
214.5740 137.0 188
214.8541 138.0 188
215.2002 138.0 188
215.5463 138.0 188
215.7770 139.0 188
216.1230 139.0 188
216.4032 140.0 188
216.7493 140.0 188
217.0459 141.0 188
217.3260 142.0 188
217.6666 142.0 188
217.9028 143.0 188
218.2489 143.0 188
218.5455 144.0 188
219.4684 151.0 188
219.8090 151.0 188
220.1990 150.0 188
220.5450 150.0 188
221.0120 149.0 188
221.4020 148.0 188
222.5610 146.0 188
232.0752 125.0 188
232.5311 124.0 188
233.5583 124.0 188
316.7963 124.0 188
317.1368 124.0 188
317.4664 124.0 188
317.8125 124.0 188
318.1531 124.0 188
318.3893 125.0 188
318.7299 125.0 188
319.0759 125.0 188
319.4165 125.0 188
319.7021 126.0 188
320.0427 126.0 188
320.3888 126.0 188
320.6250 127.0 188
320.9656 127.0 188
321.3116 127.0 188
321.5918 128.0 188
321.9324 128.0 188
322.2784 128.0 188
322.4982 129.0 188
322.8387 129.0 188
323.1848 129.0 188
323.4814 130.0 188
323.8110 130.0 188
324.0417 131.0 188
324.3878 131.0 188
324.6680 132.0 188
325.7007 132.0 188
