#RPLIDAR SCAN DATA
#COUNT=568
#Angule	Distance	Quality
5.0592 124.0 188
5.4053 124.0 188
5.7458 124.0 188
5.9821 125.0 188
6.3391 125.0 188
6.6248 126.0 188
6.9653 126.0 188
7.2015 127.0 188
7.5586 127.0 188
7.8387 128.0 188
8.2013 128.0 188
8.4375 129.0 188
8.7177 130.0 188
9.0582 130.0 188
9.6515 131.0 188
20.9509 125.0 188
21.2915 125.0 188
21.6376 125.0 188
21.9946 125.0 188
22.3407 125.0 188
22.6868 125.0 188
23.1537 124.0 188
23.4998 124.0 188
23.8403 124.0 188
24.2029 124.0 188
24.5435 124.0 188
24.8895 124.0 188
25.2301 124.0 188
25.5927 124.0 188
25.9332 124.0 188
26.2793 124.0 188
26.6364 124.0 188
26.9824 124.0 188
28.0261 124.0 188
49.6527 124.0 188
49.9988 124.0 188
50.3394 124.0 188
50.7019 124.0 188
51.0425 124.0 188
51.4050 124.0 188
51.7456 124.0 188
52.0917 124.0 188
52.4487 124.0 188
52.7948 124.0 188
53.1354 124.0 188
53.4979 124.0 188
53.8385 124.0 188
54.1846 124.0 188
54.5416 124.0 188
54.8877 124.0 188
55.1239 125.0 188
55.4810 125.0 188
55.8270 125.0 188
56.1676 125.0 188
56.5302 125.0 188
56.8707 125.0 188
57.2168 125.0 188
57.5739 125.0 188
57.9199 125.0 188
58.2166 126.0 188
58.5571 126.0 188
58.9197 126.0 188
59.2603 126.0 188
59.6063 126.0 188
59.9634 126.0 188
60.3094 126.0 188
60.5457 127.0 188
60.9027 127.0 188
61.2488 127.0 188
61.5894 127.0 188
61.9519 127.0 188
62.2925 127.0 188
62.6385 127.0 188
62.9352 128.0 188
63.2813 128.0 188
63.6383 128.0 188
63.9844 128.0 188
64.3414 128.0 188
64.6875 128.0 188
65.0281 128.0 188
65.2643 129.0 188
65.6213 129.0 188
65.9674 129.0 188
66.3080 129.0 188
66.6705 129.0 188
66.9507 130.0 188
67.3077 130.0 188
67.6538 130.0 188
68.0109 130.0 188
68.3569 130.0 188
68.5931 131.0 188
68.9337 131.0 188
69.2963 131.0 188
69.6368 131.0 188
69.9829 131.0 188
70.2795 132.0 188
70.6366 132.0 188
70.9827 132.0 188
71.3232 132.0 188
71.5594 133.0 188
71.9165 133.0 188
72.2021 134.0 188
72.5592 134.0 188
72.8394 135.0 188
73.2019 135.0 188
73.4326 136.0 188
73.7292 137.0 188
74.0753 137.0 188
74.3719 138.0 188
74.7180 138.0 188
74.9487 139.0 188
75.2948 139.0 188
75.5914 140.0 188
75.8881 141.0 188
76.2341 141.0 188
76.5308 142.0 188
76.8713 142.0 188
77.1075 143.0 188
77.4646 143.0 188
77.7448 144.0 188
78.0469 145.0 188
78.3435 146.0 188
78.6841 146.0 188
78.9807 147.0 188
79.2773 148.0 188
79.6234 148.0 188
79.9200 149.0 188
80.1563 150.0 188
80.4364 151.0 188
80.7935 151.0 188
81.0736 152.0 188
81.3702 153.0 188
81.6669 154.0 188
81.9635 155.0 188
82.3096 155.0 188
82.6062 156.0 188
82.8864 157.0 188
83.1830 158.0 188
83.4796 159.0 188
83.7762 160.0 188
84.0619 161.0 188
84.3585 162.0 188
84.6552 163.0 188
84.9353 164.0 188
85.2924 164.0 188
85.6384 165.0 188
85.9351 166.0 188
86.1713 168.0 188
86.4679 169.0 188
86.7480 170.0 188
87.0447 171.0 188
87.3413 172.0 188
87.6874 173.0 188
87.9840 174.0 188
88.2806 175.0 188
88.5608 176.0 188
88.8574 177.0 188
89.1980 178.0 188
89.4507 180.0 188
89.7308 181.0 188
90.0934 182.0 188
90.3735 183.0 188
90.6702 184.0 188
90.9668 186.0 188
91.2634 187.0 188
91.5436 189.0 188
91.8402 190.0 188
92.1368 192.0 188
92.4335 193.0 188
92.7136 194.0 188
93.0762 195.0 188
93.3124 197.0 188
93.5925 199.0 188
93.8892 201.0 188
94.1858 202.0 188
94.4824 204.0 188
94.7626 205.0 188
95.0592 207.0 188
95.3558 209.0 188
95.6525 211.0 188
95.9326 213.0 188
96.2292 215.0 188
96.5259 217.0 188
96.8280 219.0 188
97.1082 221.0 188
97.4048 223.0 188
97.7014 224.0 188
97.9980 227.0 188
98.2782 229.0 188
98.5144 232.0 188
98.8715 234.0 188
99.1681 236.0 188
99.4482 238.0 188
99.7449 241.0 188
99.9811 244.0 188
100.2777 246.0 188
100.5579 249.0 188
100.8545 251.0 188
101.1511 254.0 188
101.4478 257.0 188
101.7334 259.0 188
102.0300 262.0 188
102.3267 265.0 188
102.6068 268.0 188
102.9034 271.0 188
103.2001 274.0 188
103.4967 277.0 188
103.7769 281.0 188
104.0735 284.0 188
104.3701 288.0 188
104.6558 291.0 188
104.9524 295.0 188
105.2490 298.0 188
105.5457 302.0 188
105.8258 307.0 188
106.1224 311.0 188
106.4191 315.0 188
106.6992 319.0 188
106.9958 323.0 188
107.2321 328.0 188
107.5287 333.0 188
107.8253 337.0 188
108.1055 342.0 188
108.4021 348.0 188
108.6987 353.0 188
108.9844 358.0 188
109.2810 363.0 188
109.5776 368.0 188
109.8743 373.0 188
110.1544 379.0 188
110.4510 386.0 188
110.7477 393.0 188
111.0278 399.0 188
111.3245 405.0 188
111.6211 412.0 188
111.9177 419.0 188
112.1979 427.0 188
112.5000 434.0 188
112.7966 442.0 188
113.0768 451.0 188
113.3734 459.0 188
113.6700 469.0 188
113.9667 478.0 188
114.2468 487.0 188
114.5435 497.0 188
114.8401 508.0 188
115.1202 518.0 188
115.4169 530.0 188
115.7135 542.0 188
116.0156 554.0 188
116.2958 568.0 188
116.5924 582.0 188
116.8890 596.0 188
117.1692 612.0 188
117.4658 626.0 188
117.7625 642.0 188
118.3392 678.0 188
118.6359 696.0 188
119.2786 716.0 188
122.7448 345.0 188
123.0908 344.0 188
123.4479 346.0 188
123.7939 346.0 188
124.1400 344.0 188
124.4806 343.0 188
124.8431 342.0 188
125.2496 341.0 188
125.5298 342.0 188
125.8868 342.0 188
126.2933 341.0 188
126.6394 341.0 188
126.9800 341.0 188
127.2766 343.0 188
127.6227 345.0 188
127.9797 344.0 188
128.3258 342.0 188
128.7323 340.0 188
129.0729 341.0 188
129.4189 341.0 188
129.7156 343.0 188
130.0616 345.0 188
130.4187 345.0 188
130.7648 342.0 188
131.1713 341.0 188
131.5118 341.0 188
131.8579 341.0 188
132.1545 342.0 188
132.4951 342.0 188
132.8577 342.0 188
133.1982 342.0 188
133.5443 342.0 188
133.9014 344.0 188
134.1870 347.0 188
134.5441 347.0 188
134.9341 345.0 188
135.2966 344.0 188
135.6372 343.0 188
135.9833 343.0 188
136.9830 347.0 188
138.6859 916.0 188
144.4482 508.0 188
144.8547 494.0 188
145.3107 480.0 188
145.7172 467.0 188
146.1841 454.0 188
146.5906 442.0 188
147.0465 430.0 188
147.4530 420.0 188
147.8540 411.0 188
148.3099 401.0 188
148.7769 390.0 188
149.1833 382.0 188
149.5734 374.0 188
150.0458 366.0 188
150.4523 358.0 188
150.9027 351.0 188
151.3092 344.0 188
151.7761 336.0 188
152.1826 330.0 188
152.5781 324.0 188
153.0450 317.0 188
153.4515 312.0 188
153.9020 306.0 188
154.3085 301.0 188
154.7809 295.0 188
155.1709 290.0 188
155.6378 285.0 188
156.0443 280.0 188
156.4948 275.0 188
156.9012 271.0 188
157.3737 267.0 188
157.7802 263.0 188
158.1702 259.0 188
158.6371 255.0 188
159.0436 251.0 188
159.4995 248.0 188
159.9060 244.0 188
160.3729 241.0 188
160.7794 237.0 188
161.2299 234.0 188
161.6364 231.0 188
162.0428 228.0 188
162.4988 225.0 188
162.9053 222.0 188
163.3118 220.0 188
163.7787 217.0 188
164.1852 214.0 188
164.5752 212.0 188
165.0421 209.0 188
165.4486 207.0 188
165.8551 205.0 188
166.3110 202.0 188
166.7175 200.0 188
167.1844 198.0 188
167.6404 195.0 188
167.9810 194.0 188
168.4479 192.0 188
168.8544 190.0 188
169.2609 188.0 188
169.7168 186.0 188
170.1233 184.0 188
170.5298 183.0 188
170.9363 181.0 188
171.3428 180.0 188
171.7932 178.0 188
172.1558 177.0 188
172.5623 176.0 188
173.0127 174.0 188
173.4192 173.0 188
173.8257 171.0 188
174.2761 169.0 188
174.6826 168.0 188
175.0891 167.0 188
175.4956 166.0 188
175.9021 165.0 188
176.2482 164.0 188
176.7151 162.0 188
177.1216 161.0 188
177.5281 160.0 188
177.9346 159.0 188
178.3411 158.0 188
178.7311 157.0 188
179.1376 156.0 188
179.5441 155.0 188
179.9506 154.0 188
180.3571 153.0 188
180.7635 152.0 188
181.1700 151.0 188
181.5765 150.0 188
182.0270 149.0 188
182.4335 148.0 188
182.8400 147.0 188
183.2025 147.0 188
183.5925 146.0 188
183.9990 145.0 188
184.4055 144.0 188
184.8120 143.0 188
185.2789 142.0 188
185.6250 142.0 188
186.0260 141.0 188
186.3721 141.0 188
186.7786 140.0 188
187.1851 139.0 188
187.6520 138.0 188
187.9980 138.0 188
188.4045 137.0 188
188.8110 136.0 188
189.1516 136.0 188
189.6240 135.0 188
189.9646 135.0 188
190.3711 134.0 188
190.7776 133.0 188
191.1237 133.0 188
191.4642 133.0 188
191.9366 132.0 188
192.2772 132.0 188
192.6398 132.0 188
192.9803 132.0 188
193.3264 132.0 188
193.7329 131.0 188
194.0735 131.0 188
194.4360 131.0 188
194.7766 131.0 188
195.1227 131.0 188
195.5896 130.0 188
195.9357 130.0 188
196.2762 130.0 188
196.6388 130.0 188
196.9794 130.0 188
197.3859 129.0 188
197.7319 129.0 188
198.0780 129.0 188
198.4351 129.0 188
198.7811 129.0 188
199.2480 128.0 188
199.5886 128.0 188
199.9347 128.0 188
200.2917 128.0 188
200.6378 128.0 188
200.9839 128.0 188
201.3904 127.0 188
201.7310 127.0 188
202.0935 127.0 188
202.4341 127.0 188
202.7802 127.0 188
203.1372 127.0 188
203.4833 127.0 188
203.8239 127.0 188
204.2963 126.0 188
204.6368 126.0 188
204.9829 126.0 188
205.3400 126.0 188
205.6860 126.0 188
206.0266 126.0 188
206.3727 126.0 188
206.7297 126.0 188
207.0758 126.0 188
207.4823 125.0 188
207.8229 125.0 188
208.1854 125.0 188
208.5260 125.0 188
208.8721 125.0 188
209.2181 125.0 188
209.5752 125.0 188
209.9213 125.0 188
210.2618 125.0 188
210.6244 125.0 188
210.9650 125.0 188
211.3110 125.0 188
211.6516 125.0 188
212.0142 125.0 188
212.3547 125.0 188
212.7008 125.0 188
213.1677 124.0 188
213.5138 124.0 188
213.8544 124.0 188
214.2169 124.0 188
214.5575 124.0 188
214.9036 124.0 188
215.2606 124.0 188
215.6067 124.0 188
215.9528 124.0 188
216.3098 124.0 188
216.6559 124.0 188
216.9965 124.0 188
217.3425 124.0 188
217.6996 124.0 188
218.0457 124.0 188
218.3862 124.0 188
218.7488 124.0 188
219.0894 124.0 188
219.4354 124.0 188
219.7760 124.0 188
220.1385 124.0 188
220.4791 124.0 188
220.8252 124.0 188
221.1823 124.0 188
221.5283 124.0 188
221.8744 124.0 188
222.2150 124.0 188
222.5775 124.0 188
222.9181 124.0 188
223.2642 124.0 188
223.6212 124.0 188
223.9673 124.0 188
224.3079 124.0 188
224.6704 124.0 188
225.0110 124.0 188
225.3571 124.0 188
225.7031 124.0 188
226.0602 124.0 188
226.4063 124.0 188
226.7468 124.0 188
227.1094 124.0 188
227.4500 124.0 188
227.7960 124.0 188
228.1366 124.0 188
228.3728 125.0 188
228.7299 125.0 188
229.0759 125.0 188
229.4165 125.0 188
229.7791 125.0 188
230.1196 125.0 188
230.4657 125.0 188
230.8118 125.0 188
231.1688 125.0 188
231.5149 125.0 188
231.8555 125.0 188
232.2180 125.0 188
232.5586 125.0 188
232.9047 125.0 188
233.2617 125.0 188
233.6078 125.0 188
233.9484 125.0 188
234.2944 125.0 188
234.5911 126.0 188
234.9371 126.0 188
235.2942 126.0 188
236.0468 125.0 188
238.5297 190.0 188
239.0460 186.0 188
239.5624 181.0 188
240.0897 177.0 188
240.6555 173.0 188
241.1829 169.0 188
241.7651 165.0 188
242.2760 161.0 188
242.7924 158.0 188
243.3087 155.0 188
243.8855 151.0 188
244.4678 148.0 188
244.9841 145.0 188
245.4510 143.0 188
246.0278 140.0 188
246.5442 138.0 188
247.1210 135.0 188
247.5275 134.0 188
247.9340 133.0 188
248.4503 131.0 188
248.9172 130.0 188
249.3237 129.0 188
249.7797 128.0 188
250.1367 128.0 188
250.5432 127.0 188
250.9991 126.0 188
251.4056 125.0 188
251.7627 125.0 188
252.9218 124.0 188
