#RPLIDAR SCAN DATA
#COUNT=465
#Angule	Distance	Quality
66.6211 124.0 188
66.9672 124.0 188
67.1979 125.0 188
79.3542 131.0 188
79.8267 130.0 188
80.1837 130.0 188
80.5298 130.0 188
80.8868 130.0 188
81.2329 130.0 188
81.5900 130.0 188
81.9360 130.0 188
82.2931 130.0 188
82.6392 130.0 188
82.9962 130.0 188
83.3423 130.0 188
83.6993 130.0 188
84.0454 130.0 188
84.4025 130.0 188
84.7485 130.0 188
85.1056 130.0 188
85.4517 130.0 188
85.8087 130.0 188
86.1713 130.0 188
86.5118 130.0 188
86.8744 130.0 188
87.2150 130.0 188
87.5775 130.0 188
87.9181 130.0 188
88.2806 130.0 188
88.6212 130.0 188
88.9838 130.0 188
89.3243 130.0 188
89.6869 130.0 188
90.0275 130.0 188
90.3735 130.0 188
90.7306 130.0 188
91.0767 130.0 188
91.4337 130.0 188
91.7798 130.0 188
92.1368 130.0 188
92.4829 130.0 188
92.8400 130.0 188
93.1860 130.0 188
93.5431 130.0 188
93.8892 130.0 188
94.2462 130.0 188
94.5923 130.0 188
94.9493 130.0 188
95.2954 130.0 188
95.6525 130.0 188
95.9985 130.0 188
96.3556 130.0 188
96.7017 130.0 188
97.0587 130.0 188
97.4048 130.0 188
97.7618 130.0 188
98.1079 130.0 188
98.4485 130.0 188
98.8110 130.0 188
99.1516 130.0 188
99.5142 130.0 188
99.8547 130.0 188
100.2173 130.0 188
100.5579 130.0 188
100.8105 131.0 188
101.1511 131.0 188
101.5137 131.0 188
101.8542 131.0 188
102.2003 131.0 188
102.5574 131.0 188
102.9034 131.0 188
103.2605 131.0 188
103.5571 132.0 188
103.9032 132.0 188
104.2603 132.0 188
104.6063 132.0 188
104.9634 132.0 188
105.1996 133.0 188
105.5457 133.0 188
105.9027 133.0 188
106.2488 133.0 188
106.5454 134.0 188
106.9025 134.0 188
107.2485 134.0 188
107.6056 134.0 188
107.8857 135.0 188
108.2483 135.0 188
108.5889 135.0 188
108.8416 136.0 188
109.1821 136.0 188
109.5447 136.0 188
109.8853 136.0 188
110.1874 137.0 188
110.5280 137.0 188
110.8246 138.0 188
111.1871 138.0 188
111.5277 138.0 188
111.7639 139.0 188
112.1210 139.0 188
112.4670 139.0 188
112.7637 140.0 188
113.1207 140.0 188
113.4668 140.0 188
113.7634 141.0 188
114.1040 141.0 188
114.4061 142.0 188
114.7632 142.0 188
115.1093 142.0 188
115.3400 143.0 188
115.7025 143.0 188
115.9991 144.0 188
116.3397 144.0 188
116.6364 145.0 188
116.9989 145.0 188
117.3395 145.0 188
117.6361 146.0 188
117.9822 146.0 188
118.2788 147.0 188
118.5754 148.0 188
118.9325 148.0 188
119.2181 149.0 188
119.5752 149.0 188
119.8114 150.0 188
120.1685 150.0 188
120.4651 151.0 188
120.8112 151.0 188
121.1078 152.0 188
121.4484 152.0 188
121.7450 153.0 188
122.1075 153.0 188
122.3877 154.0 188
122.7448 154.0 188
123.0469 155.0 188
123.3435 156.0 188
123.6237 157.0 188
123.9807 157.0 188
124.2773 158.0 188
124.6234 158.0 188
124.9200 159.0 188
125.2167 160.0 188
125.5573 160.0 188
125.8594 161.0 188
126.1560 162.0 188
126.4526 163.0 188
126.7493 164.0 188
127.0898 164.0 188
127.4359 165.0 188
127.7325 166.0 188
128.0292 167.0 188
128.3862 167.0 188
128.6719 168.0 188
128.9685 169.0 188
129.2651 170.0 188
129.5618 171.0 188
129.8584 172.0 188
130.1990 172.0 188
130.5615 173.0 188
130.8582 174.0 188
131.1383 175.0 188
131.4349 176.0 188
131.7316 177.0 188
132.0886 178.0 188
132.3743 179.0 188
132.6709 180.0 188
132.9675 181.0 188
133.3246 182.0 188
133.6047 183.0 188
133.9014 184.0 188
134.1980 185.0 188
134.5605 186.0 188
134.8407 187.0 188
135.1373 188.0 188
135.4340 190.0 188
135.7306 191.0 188
136.0767 192.0 188
136.3733 193.0 188
136.6699 195.0 188
136.9666 196.0 188
137.2632 197.0 188
137.6093 198.0 188
137.9059 199.0 188
138.2025 201.0 188
138.4991 203.0 188
138.7958 204.0 188
139.0924 205.0 188
139.3726 207.0 188
139.7296 208.0 188
140.0262 210.0 188
140.3229 211.0 188
140.6085 213.0 188
140.9052 214.0 188
141.2018 216.0 188
141.4984 218.0 188
141.8390 219.0 188
142.1356 221.0 188
142.4323 223.0 188
142.7344 225.0 188
143.0310 227.0 188
143.3276 229.0 188
143.6243 231.0 188
143.9044 233.0 188
144.2010 235.0 188
144.4977 237.0 188
144.7943 239.0 188
145.1404 241.0 188
145.4370 243.0 188
145.7336 245.0 188
146.0303 247.0 188
146.3269 249.0 188
146.6235 252.0 188
146.9202 254.0 188
147.2607 256.0 188
147.5574 258.0 188
147.8540 261.0 188
148.1561 264.0 188
148.4528 267.0 188
148.7329 270.0 188
149.0295 272.0 188
149.3262 275.0 188
149.6228 277.0 188
149.9194 280.0 188
150.2161 283.0 188
150.5127 287.0 188
150.8093 290.0 188
151.0895 293.0 188
151.4520 296.0 188
151.6827 300.0 188
152.0453 303.0 188
152.3419 307.0 188
152.6385 311.0 188
152.9187 314.0 188
153.2153 317.0 188
153.5120 321.0 188
153.8086 325.0 188
154.1052 328.0 188
154.4019 333.0 188
154.6985 338.0 188
154.9951 342.0 188
155.3412 346.0 188
155.6378 351.0 188
155.9344 355.0 188
156.2311 359.0 188
156.5277 364.0 188
156.8243 369.0 188
157.1210 375.0 188
157.4176 380.0 188
157.6978 385.0 188
158.0603 390.0 188
158.2965 397.0 188
158.6536 403.0 188
158.9502 408.0 188
159.2468 415.0 188
159.5270 421.0 188
159.8236 428.0 188
160.1202 435.0 188
160.4169 442.0 188
160.7135 449.0 188
161.0156 457.0 188
161.3123 466.0 188
161.6089 474.0 188
161.9495 481.0 188
162.2461 490.0 188
162.5427 500.0 188
162.8394 510.0 188
163.1360 522.0 188
163.4326 532.0 188
163.7292 540.0 188
164.0259 550.0 188
164.3115 564.0 188
164.6082 576.0 188
164.9048 588.0 188
165.2014 600.0 188
165.8551 616.0 188
166.4209 562.0 188
166.8274 554.0 188
167.2449 546.0 188
167.5909 542.0 188
167.9480 538.0 188
168.2941 536.0 188
168.7006 532.0 188
169.0576 530.0 188
169.4037 526.0 188
169.7607 524.0 188
170.1672 522.0 188
170.5133 522.0 188
170.8704 522.0 188
171.2164 520.0 188
171.5735 518.0 188
171.9196 518.0 188
172.2766 518.0 188
172.6227 518.0 188
172.9797 518.0 188
173.3258 518.0 188
173.6829 518.0 188
174.0289 516.0 188
174.3860 514.0 188
174.7321 514.0 188
175.0891 514.0 188
175.4352 514.0 188
175.7922 516.0 188
176.1383 518.0 188
176.4954 516.0 188
176.8414 514.0 188
177.1875 514.0 188
177.5446 514.0 188
177.8906 514.0 188
178.3081 512.0 188
178.5938 514.0 188
178.9508 514.0 188
179.2969 514.0 188
179.6539 516.0 188
180.0000 516.0 188
180.3571 514.0 188
180.7031 514.0 188
181.0602 514.0 188
181.4063 516.0 188
181.7633 516.0 188
182.1094 518.0 188
182.4664 518.0 188
182.8125 520.0 188
183.1696 520.0 188
183.4662 524.0 188
183.8123 524.0 188
184.1693 526.0 188
184.5154 528.0 188
184.8724 530.0 188
185.1691 536.0 188
185.5151 542.0 188
185.8118 550.0 188
186.1688 558.0 188
187.1686 570.0 188
189.4373 524.0 188
191.2335 460.0 188
191.6400 448.0 188
192.1069 435.0 188
192.5134 424.0 188
193.4528 401.0 188
193.8593 391.0 188
194.3097 382.0 188
194.7162 373.0 188
195.1831 364.0 188
195.6555 355.0 188
196.0620 347.0 188
196.5289 340.0 188
196.9794 332.0 188
197.3859 325.0 188
197.8583 318.0 188
198.2648 312.0 188
198.7317 305.0 188
199.1821 299.0 188
199.6051 294.0 188
200.0610 288.0 188
200.4675 283.0 188
200.9344 278.0 188
201.4014 273.0 188
201.8079 268.0 188
202.2803 263.0 188
202.6868 259.0 188
203.1372 255.0 188
203.5437 251.0 188
204.0106 247.0 188
204.4830 243.0 188
204.8895 240.0 188
205.3564 236.0 188
205.7629 232.0 188
206.2134 229.0 188
206.6858 225.0 188
207.0923 222.0 188
207.5592 219.0 188
207.9657 216.0 188
208.4326 213.0 188
208.8391 211.0 188
209.2950 208.0 188
209.7180 205.0 188
210.1685 203.0 188
210.5750 200.0 188
211.0419 198.0 188
211.4484 196.0 188
211.9208 193.0 188
212.3273 191.0 188
212.7942 189.0 188
213.2007 187.0 188
213.6072 185.0 188
214.0741 183.0 188
214.4806 181.0 188
214.8871 180.0 188
215.3540 178.0 188
215.7605 176.0 188
216.2329 174.0 188
216.6394 173.0 188
217.0459 171.0 188
217.4524 170.0 188
217.9193 168.0 188
218.3258 167.0 188
218.7323 166.0 188
219.1388 164.0 188
219.6057 162.0 188
220.0122 161.0 188
220.4187 160.0 188
220.8252 159.0 188
221.2921 157.0 188
221.6986 156.0 188
222.1051 155.0 188
222.5116 154.0 188
222.9181 153.0 188
223.3905 151.0 188
223.7915 150.0 188
224.2639 149.0 188
224.6704 148.0 188
225.0769 147.0 188
225.4834 146.0 188
225.8899 145.0 188
226.2964 144.0 188
226.7029 143.0 188
227.1698 142.0 188
227.5269 142.0 188
227.9333 141.0 188
228.3398 140.0 188
228.7463 139.0 188
229.2188 138.0 188
229.6198 137.0 188
229.9658 137.0 188
230.3723 136.0 188
230.8392 135.0 188
231.2018 135.0 188
231.6083 134.0 188
232.0148 133.0 188
232.4817 132.0 188
232.8278 132.0 188
233.2343 131.0 188
233.5913 131.0 188
234.0417 130.0 188
234.4043 130.0 188
234.7449 130.0 188
235.1678 129.0 188
235.5139 129.0 188
235.8545 129.0 188
236.3269 128.0 188
236.6840 128.0 188
237.0300 128.0 188
237.3871 128.0 188
237.7936 127.0 188
238.1396 127.0 188
238.4967 127.0 188
238.8428 127.0 188
239.3097 126.0 188
239.6667 126.0 188
240.0128 126.0 188
240.3589 126.0 188
240.7159 126.0 188
241.0620 126.0 188
241.4191 126.0 188
241.8256 125.0 188
242.1716 125.0 188
242.5287 125.0 188
242.8748 125.0 188
243.2318 125.0 188
243.5779 125.0 188
243.9349 125.0 188
244.4019 124.0 188
244.7479 124.0 188
245.1050 124.0 188
245.4510 124.0 188
245.8081 124.0 188
246.5112 124.0 188
